Run #1	Run #1	Run #1	Run #1	Run #1	Run #1	Run #1	Run #2	Run #2	Run #2	Run #2	Run #2	Run #2	Run #2	Run #3	Run #3	Run #3	Run #3	Run #3	Run #3	Run #3	Run #4	Run #4	Run #4	Run #4	Run #4	Run #4	Run #4	Run #5	Run #5	Run #5	Run #5	Run #5	Run #5	Run #5	Run #6	Run #6	Run #6	Run #6	Run #6	Run #6	Run #6	Run #7	Run #7	Run #7	Run #7	Run #7	Run #7	Run #7	Run #8	Run #8	Run #8	Run #8	Run #8	Run #8	Run #8
Time (s)	Angle (rad)	Angular Velocity (rad/s)	Angular Acceleration (rad/s²)	Position (m)	Velocity (m/s)	Acceleration (m/s²)	Time (s)	Angle (rad)	Angular Velocity (rad/s)	Angular Acceleration (rad/s²)	Position (m)	Velocity (m/s)	Acceleration (m/s²)	Time (s)	Angle (rad)	Angular Velocity (rad/s)	Angular Acceleration (rad/s²)	Position (m)	Velocity (m/s)	Acceleration (m/s²)	Time (s)	Angle (rad)	Angular Velocity (rad/s)	Angular Acceleration (rad/s²)	Position (m)	Velocity (m/s)	Acceleration (m/s²)	Time (s)	Angle (rad)	Angular Velocity (rad/s)	Angular Acceleration (rad/s²)	Position (m)	Velocity (m/s)	Acceleration (m/s²)	Time (s)	Angle (rad)	Angular Velocity (rad/s)	Angular Acceleration (rad/s²)	Position (m)	Velocity (m/s)	Acceleration (m/s²)	Time (s)	Angle (rad)	Angular Velocity (rad/s)	Angular Acceleration (rad/s²)	Position (m)	Velocity (m/s)	Acceleration (m/s²)	Time (s)	Angle (rad)	Angular Velocity (rad/s)	Angular Acceleration (rad/s²)	Position (m)	Velocity (m/s)	Acceleration (m/s²)
0.000	0.000			0.0000			0.000	0.000			0.0000			0.000	0.000			0.0000			0.000	0.000			0.0000			0.000	0.000			0.0000			0.000	0.262			0.0037			0.000	0.000			0.0000			0.000	0.000			0.0000		
0.050	0.000	0.000		0.0000	0.000		0.050	0.000	0.000		0.0000	0.000		0.050	0.000	0.000		0.0000	0.000		0.050	0.000	0.000		0.0000	0.000		0.050	-0.017	-0.175		-2.5000E-4	-0.003		0.050	0.576	6.981		0.0083	0.100		0.050	0.000	0.175		0.0000	0.003		0.050	0.035	1.047		5.0000E-4	0.015	
0.100	0.000	0.000	0.000	0.0000	0.000	0.000	0.100	0.000	0.000	0.000	0.0000	0.000	0.000	0.100	0.000	0.000	0.000	0.0000	0.000	0.000	0.100	0.000	0.000	0.000	0.0000	0.000	0.000	0.100	-0.017	-0.175	1.745	-2.5000E-4	-0.002	0.025	0.100	0.960	8.203	22.689	0.0137	0.117	0.325	0.100	0.017	0.349	1.745	2.5000E-4	0.005	0.025	0.100	0.105	1.571	12.217	0.0015	0.022	0.175
0.150	0.000	0.000	0.000	0.0000	0.000	0.000	0.150	0.000	0.000	0.000	0.0000	0.000	0.000	0.150	0.000	0.000	0.000	0.0000	0.000	0.000	0.150	0.000	0.000	0.000	0.0000	0.000	0.000	0.150	-0.035	0.000	8.727	-5.0000E-4	0.000	0.125	0.150	1.396	9.250	22.689	0.0200	0.132	0.325	0.150	0.035	0.349	3.491	5.0000E-4	0.005	0.050	0.150	0.192	2.269	15.708	0.0027	0.032	0.225
0.200	0.000	0.000	0.000	0.0000	0.000	0.000	0.200	0.000	0.000	0.000	0.0000	0.000	0.000	0.200	0.000	0.000	0.000	0.0000	0.000	0.000	0.200	0.000	0.000	0.000	0.0000	0.000	0.000	0.200	-0.017	0.698	13.963	-2.5000E-4	0.010	0.200	0.200	1.885	10.472	24.435	0.0270	0.150	0.350	0.200	0.052	0.698	12.217	7.5000E-4	0.010	0.175	0.200	0.332	3.142	13.963	0.0047	0.045	0.200
0.250	0.000	0.000	0.000	0.0000	0.000	0.000	0.250	0.000	0.000	0.000	0.0000	0.000	0.000	0.250	0.000	0.000	0.000	0.0000	0.000	0.000	0.250	0.000	0.000	0.000	0.0000	0.000	0.000	0.250	0.035	1.396	15.708	5.0000E-4	0.020	0.225	0.250	2.443	11.694	24.435	0.0350	0.167	0.350	0.250	0.105	1.571	15.708	0.0015	0.022	0.225	0.250	0.506	3.665	12.217	0.0072	0.052	0.175
0.300	0.000	0.000	0.000	0.0000	0.000	0.000	0.300	0.000	0.000	0.000	0.0000	0.000	0.000	0.300	0.000	0.000	0.000	0.0000	0.000	0.000	0.300	0.000	0.000	0.000	0.0000	0.000	0.000	0.300	0.122	2.269	17.453	0.0018	0.032	0.250	0.300	3.054	12.915	22.689	0.0438	0.185	0.325	0.300	0.209	2.269	13.963	0.0030	0.032	0.200	0.300	0.698	4.363	13.963	0.0100	0.062	0.200
0.350	0.000	0.000	0.000	0.0000	0.000	0.000	0.350	0.000	0.000	0.000	0.0000	0.000	0.000	0.350	0.000	0.000	0.000	0.0000	0.000	0.000	0.350	0.000	0.000	0.000	0.0000	0.000	0.000	0.350	0.262	3.142	15.708	0.0037	0.045	0.225	0.350	3.735	13.963	20.944	0.0535	0.200	0.300	0.350	0.332	2.967	15.708	0.0047	0.043	0.225	0.350	0.942	5.061	12.217	0.0135	0.073	0.175
0.400	0.000	0.000	0.000	0.0000	0.000	0.000	0.400	0.000	0.000	0.000	0.0000	0.000	0.000	0.400	0.000	0.000	0.000	0.0000	0.000	0.000	0.400	0.000	0.000	0.000	0.0000	0.000	0.000	0.400	0.436	3.840	13.963	0.0062	0.055	0.200	0.400	4.451	15.010	24.435	0.0637	0.215	0.350	0.400	0.506	3.840	13.963	0.0072	0.055	0.200	0.400	1.204	5.585	12.217	0.0173	0.080	0.175
0.450	0.000	0.000	0.000	0.0000	0.000	0.000	0.450	0.000	0.000	0.000	0.0000	0.000	0.000	0.450	0.000	0.000	0.000	0.0000	0.000	0.000	0.450	0.000	0.000	0.000	0.0000	0.000	0.000	0.450	0.646	4.538	13.963	0.0092	0.065	0.200	0.450	5.236	16.406	24.435	0.0750	0.235	0.350	0.450	0.716	4.363	12.217	0.0103	0.063	0.175	0.450	1.501	6.283	12.217	0.0215	0.090	0.175
0.500	0.000	0.000	0.000	0.0000	0.000	0.000	0.500	0.000	0.000	0.000	0.0000	0.000	0.000	0.500	0.000	0.000	0.000	0.0000	0.000	0.000	0.500	0.000	0.000	0.000	0.0000	0.000	0.000	0.500	0.890	5.236	13.963	0.0128	0.075	0.200	0.500	6.091	17.453	22.689	0.0873	0.250	0.325	0.500	0.942	5.061	15.708	0.0135	0.072	0.225	0.500	1.833	6.807	12.217	0.0262	0.097	0.175
0.550	0.000	0.000	0.000	0.0000	0.000	0.000	0.550	0.000	0.000	0.000	0.0000	0.000	0.000	0.550	0.000	0.000	0.000	0.0000	0.000	0.000	0.550	0.000	0.000	0.000	0.0000	0.000	0.000	0.550	1.169	5.934	12.217	0.0168	0.085	0.175	0.550	6.981	18.675	24.435	0.1000	0.267	0.350	0.550	1.222	5.934	13.963	0.0175	0.085	0.200	0.550	2.182	7.505	15.708	0.0313	0.107	0.225
0.600	0.000	0.000	0.000	0.0000	0.000	0.000	0.600	0.000	0.000	0.000	0.0000	0.000	0.000	0.600	0.000	0.000		0.0000	0.000		0.600	0.000	0.000	0.000	0.0000	0.000	0.000	0.600	1.484	6.458	12.217	0.0213	0.093	0.175	0.600	7.959	19.897	20.944	0.1140	0.285	0.300	0.600	1.536	6.458	12.217	0.0220	0.093	0.175	0.600	2.583	8.378	15.708	0.0370	0.120	0.225
0.650	0.000	0.000	0.000	0.0000	0.000	0.000	0.650	0.000	0.000	0.000	0.0000	0.000	0.000								0.650	0.000	0.000	0.000	0.0000	0.000	0.000	0.650	1.815	7.156	13.963	0.0260	0.103	0.200	0.650	8.971	20.769	20.944	0.1285	0.298	0.300	0.650	1.868	7.156	13.963	0.0268	0.103	0.200	0.650	3.019	9.076	12.217	0.0433	0.130	0.175
0.700	0.000	0.000	0.000	0.0000	0.000	0.000	0.700	0.000	0.000	0.000	0.0000	0.000	0.000								0.700	0.000	0.000	0.000	0.0000	0.000	0.000	0.700	2.199	7.854	13.963	0.0315	0.112	0.200	0.700	10.036	21.991	24.435	0.1438	0.315	0.350	0.700	2.251	7.854	12.217	0.0323	0.113	0.175	0.700	3.491	9.599	12.217	0.0500	0.138	0.175
0.750	0.000	0.000	0.000	0.0000	0.000	0.000	0.750	0.000	0.000	0.000	0.0000	0.000	0.000								0.750	0.000	0.000	0.000	0.0000	0.000	0.000	0.750	2.601	8.552	13.963	0.0372	0.123	0.200	0.750	11.170	23.213	24.435	0.1600	0.332	0.350	0.750	2.653	8.378	12.217	0.0380	0.120	0.175	0.750	3.979	10.297	13.963	0.0570	0.148	0.200
0.800	0.000	0.000	0.000	0.0000	0.000	0.000	0.800	0.000	0.000		0.0000	0.000									0.800	0.000	0.000	0.000	0.0000	0.000	0.000	0.800	3.054	9.250	12.217	0.0438	0.132	0.175	0.800	12.357	24.435	24.435	0.1770	0.350	0.350	0.800	3.089	9.076	15.708	0.0442	0.130	0.225	0.800	4.520	10.996	12.217	0.0647	0.157	0.175
0.850	0.000	0.000	0.000	0.0000	0.000	0.000															0.850	0.000	0.000		0.0000	0.000		0.850	3.526	9.774	12.217	0.0505	0.140	0.175	0.850	13.614	25.656	22.689	0.1950	0.368	0.325	0.850	3.560	9.948	15.708	0.0510	0.143	0.225	0.850	5.079	11.519	12.217	0.0727	0.165	0.175
0.900	0.000	0.000	0.000	0.0000	0.000	0.000																						0.900	4.032	10.472	13.963	0.0578	0.150	0.200	0.900	14.923	26.704	20.944	0.2137	0.383	0.300	0.900	4.084	10.647	12.217	0.0585	0.153	0.175	0.900	5.672	12.217	12.217	0.0812	0.175	0.175
0.950	0.000	0.000	0.000	0.0000	0.000	0.000																						0.950	4.573	11.170	13.963	0.0655	0.160	0.200	0.950	16.284	27.751	20.944	0.2333	0.398	0.300	0.950	4.625	11.170	12.217	0.0662	0.160	0.175	0.950	6.301	12.741	12.217	0.0902	0.183	0.175
1.000	0.000	0.000	0.000	0.0000	0.000	0.000																						1.000	5.149	11.868	13.963	0.0737	0.170	0.200	1.000	17.698	28.798	22.689	0.2535	0.413	0.325	1.000	5.201	11.868	13.963	0.0745	0.170	0.200	1.000	6.946	13.439	13.963	0.0995	0.193	0.200
1.050	0.000	0.000	0.000	0.0000	0.000	0.000																						1.050	5.760	12.566	12.217	0.0825	0.180	0.175	1.050	19.164	30.020	24.435	0.2745	0.430	0.350	1.050	5.812	12.566	12.217	0.0833	0.180	0.175	1.050	7.645	14.137	12.217	0.1095	0.202	0.175
1.100	0.000	0.000	0.000	0.0000	0.000	0.000																						1.100	6.405	13.090	12.217	0.0917	0.187	0.175	1.100	20.700	31.241	22.689	0.2965	0.447	0.325	1.100	6.458	13.090	12.217	0.0925	0.187	0.175	1.100	8.360	14.661	13.963	0.1197	0.210	0.200
1.150	0.000	0.000	0.000	0.0000	0.000	0.000																						1.150	7.069	13.788	13.963	0.1012	0.197	0.200	1.150	22.288	32.289	19.199	0.3193	0.462	0.275	1.150	7.121	13.788	15.708	0.1020	0.197	0.225	1.150	9.111	15.533	15.708	0.1305	0.222	0.225
1.200	0.000	0.000	0.000	0.0000	0.000	0.000																						1.200	7.784	14.486	12.217	0.1115	0.208	0.175	1.200	23.928	33.161	19.199	0.3427	0.475	0.275	1.200	7.837	14.661	15.708	0.1122	0.210	0.225	1.200	9.913	16.232	10.472	0.1420	0.233	0.150
1.250	0.000	0.000	0.000	0.0000	0.000	0.000																						1.250	8.517	15.010	12.217	0.1220	0.215	0.175	1.250	25.604	34.208	15.708	0.3668	0.490	0.225	1.250	8.587	15.359	12.217	0.1230	0.220	0.175	1.250	10.734	16.581	10.472	0.1537	0.238	0.150
1.300	0.000	0.000	0.000	0.0000	0.000	0.000																						1.300	9.285	15.708	13.963	0.1330	0.225	0.200	1.300	27.349	34.732	8.727	0.3917	0.497	0.125	1.300	9.372	15.882	12.217	0.1342	0.227	0.175	1.300	11.572	17.279	13.963	0.1657	0.247	0.200
1.350	0.000	0.000	0.000	0.0000	0.000	0.000																						1.350	10.088	16.406	13.963	0.1445	0.235	0.200	1.350	29.077	35.081	13.963	0.4165	0.502	0.200	1.350	10.175	16.581	13.963	0.1457	0.237	0.200	1.350	12.462	17.977	13.963	0.1785	0.257	0.200
1.400	0.000	0.000	0.000	0.0000	0.000	0.000																						1.400	10.926	17.104	13.963	0.1565	0.245	0.200	1.400	30.857	36.128	20.944	0.4420	0.517	0.300	1.400	11.030	17.279	12.217	0.1580	0.247	0.175	1.400	13.369	18.675	13.963	0.1915	0.268	0.200
1.450	0.000	0.000	0.000	0.0000	0.000	0.000																						1.450	11.798	17.802	12.217	0.1690	0.255	0.175	1.450	32.690	37.176	20.944	0.4682	0.533	0.300	1.450	11.903	17.802	12.217	0.1705	0.255	0.175	1.450	14.329	19.373	12.217	0.2052	0.278	0.175
1.500	0.000	0.000	0.000	0.0000	0.000	0.000																						1.500	12.706	18.326	10.472	0.1820	0.263	0.150	1.500	34.575	38.223	22.689	0.4953	0.548	0.325	1.500	12.811	18.500	13.963	0.1835	0.265	0.200	1.500	15.307	19.897	12.217	0.2193	0.285	0.175
1.550	0.000	0.000	0.000	0.0000	0.000	0.000																						1.550	13.631	18.850	12.217	0.1953	0.270	0.175	1.550	36.512	39.444	20.944	0.5230	0.565	0.300	1.550	13.753	19.199	13.963	0.1970	0.275	0.200	1.550	16.319	20.595	13.963	0.2338	0.295	0.200
1.600	0.000	0.000	0.000	0.0000	0.000	0.000																						1.600	14.591	19.548	13.963	0.2090	0.280	0.200	1.600	38.519	40.317	17.453	0.5517	0.577	0.250	1.600	14.731	19.897	13.963	0.2110	0.285	0.200	1.600	17.366	21.293	12.217	0.2487	0.305	0.175
1.650	0.000	0.000	0.000	0.0000	0.000	0.000																						1.650	15.586	20.246	13.963	0.2233	0.290	0.200	1.650	40.544	41.190	20.944	0.5807	0.590	0.300	1.650	15.743	20.595	12.217	0.2255	0.295	0.175	1.650	18.448	21.817	10.472	0.2642	0.312	0.150
1.700	0.000	0.000	0.000	0.0000	0.000	0.000																						1.700	16.616	20.944	13.963	0.2380	0.300	0.200	1.700	42.638	42.411	22.689	0.6108	0.608	0.325	1.700	16.790	21.118	10.472	0.2405	0.303	0.150	1.700	19.548	22.340	12.217	0.2800	0.320	0.175
1.750	0.000	0.000	0.000	0.0000	0.000	0.000																						1.750	17.680	21.642	12.217	0.2533	0.310	0.175	1.750	44.785	43.459	20.944	0.6415	0.623	0.300	1.750	17.855	21.642	12.217	0.2558	0.310	0.175	1.750	20.682	23.038	13.963	0.2963	0.330	0.200
1.800	0.000	0.000	0.000	0.0000	0.000	0.000																						1.800	18.780	22.166	10.472	0.2690	0.317	0.150	1.800	46.984	44.506	20.944	0.6730	0.638	0.300	1.800	18.954	22.340	13.963	0.2715	0.320	0.200	1.800	21.852	23.736	13.963	0.3130	0.340	0.200
1.850	0.000	0.000	0.000	0.0000	0.000	0.000																						1.850	19.897	22.689	10.472	0.2850	0.325	0.150	1.850	49.236	45.553	17.453	0.7053	0.652	0.250	1.850	20.089	23.038	13.963	0.2878	0.330	0.200	1.850	23.056	24.435	12.217	0.3302	0.350	0.175
1.900	0.000	0.000	0.000	0.0000	0.000	0.000																						1.900	21.049	23.213	12.217	0.3015	0.332	0.175	1.900	51.540	46.251	8.727	0.7382	0.662	0.125	1.900	21.258	23.736	13.963	0.3045	0.340	0.200	1.900	24.295	24.958	12.217	0.3480	0.357	0.175
1.950	0.000	0.000	0.000	0.0000	0.000	0.000																						1.950	22.218	23.911	15.708	0.3183	0.343	0.225	1.950	53.861	46.426	1.745	0.7715	0.665	0.025	1.950	22.462	24.435	12.217	0.3217	0.350	0.175	1.950	25.552	25.656	13.963	0.3660	0.367	0.200
2.000	0.000	0.000	0.000	0.0000	0.000	0.000																						2.000	23.440	24.784	13.963	0.3357	0.355	0.200	2.000	56.182	46.426	-1.745	0.8048	0.665	-0.025	2.000	23.702	24.958	10.472	0.3395	0.357	0.150	2.000	26.861	26.354	12.217	0.3847	0.377	0.175
2.050	0.000	0.000	0.000	0.0000	0.000	0.000																						2.050	24.696	25.307	10.472	0.3538	0.362	0.150	2.050	58.503	46.251	-5.236	0.8380	0.662	-0.075	2.050	24.958	25.482	12.217	0.3575	0.365	0.175	2.050	28.187	26.878	12.217	0.4038	0.385	0.175
2.100	0.000	0.000	0.000	0.0000	0.000	0.000																						2.100	25.970	25.831	10.472	0.3720	0.370	0.150	2.100	60.807	45.902	-5.236	0.8710	0.658	-0.075	2.100	26.250	26.180	13.963	0.3760	0.375	0.200	2.100	29.548	27.576	12.217	0.4233	0.395	0.175
2.150	0.000	0.000	0.000	0.0000	0.000	0.000																						2.150	27.279	26.354	12.217	0.3907	0.377	0.175	2.150	63.094	45.728	-1.745	0.9038	0.655	-0.025	2.150	27.576	26.878	13.963	0.3950	0.385	0.200	2.150	30.945	28.100	10.472	0.4432	0.402	0.150
2.200	0.000	0.000		0.0000	0.000																							2.200	28.606	27.053	13.963	0.4097	0.387	0.200	2.200	65.380	45.728	-1.745	0.9365	0.655	-0.025	2.200	28.938	27.576	13.963	0.4145	0.395	0.200	2.200	32.358	28.623	13.963	0.4635	0.410	0.200
																												2.250	29.985	27.751	12.217	0.4295	0.397	0.175	2.250	67.666	45.553	-5.236	0.9693	0.652	-0.075	2.250	30.334	28.274	12.217	0.4345	0.405	0.175	2.250	33.807	29.496	15.708	0.4842	0.422	0.225
																												2.300	31.381	28.274	10.472	0.4495	0.405	0.150	2.300	69.935	45.204	-6.981	1.0018	0.647	-0.100	2.300	31.765	28.798	12.217	0.4550	0.412	0.175	2.300	35.308	30.194	10.472	0.5057	0.432	0.150
																												2.350	32.812	28.798	12.217	0.4700	0.412	0.175	2.350	72.187	44.855	-17.453	1.0340	0.643	-0.250	2.350	33.214	29.496	13.963	0.4758	0.422	0.200	2.350	36.826	30.543	10.472	0.5275	0.437	0.150
																												2.400	34.261	29.496	13.963	0.4908	0.422	0.200	2.400	74.421	43.459	-43.633	1.0660	0.622	-0.625	2.400	34.715	30.194	12.217	0.4972	0.432	0.175	2.400	38.362	31.241	15.708	0.5495	0.448	0.225
																												2.450	35.762	30.194	12.217	0.5122	0.433	0.175	2.450	76.533	40.492	-54.105	1.0963	0.580	-0.775	2.450	36.233	30.718	12.217	0.5190	0.440	0.175	2.450	39.951	32.114	13.963	0.5723	0.460	0.200
																												2.500	37.280	30.718	10.472	0.5340	0.440	0.150	2.500	78.470	38.048	-68.068	1.1240	0.545	-0.975	2.500	37.786	31.416	13.963	0.5413	0.450	0.200	2.500	41.574	32.638	10.472	0.5955	0.467	0.150
																												2.550	38.834	31.241	10.472	0.5563	0.447	0.150	2.550	80.337	33.685	-146.608	1.1508	0.482	-2.100	2.550	39.375	32.114	12.217	0.5640	0.460	0.175	2.550	43.214	33.161	12.217	0.6190	0.475	0.175
																												2.600	40.404	31.765	12.217	0.5788	0.455	0.175	2.600	81.838	23.387	-254.818	1.1723	0.335	-3.650	2.600	40.998	32.638		0.5873	0.467		2.600	44.890	33.859	12.217	0.6430	0.485	0.175
																												2.650	42.010	32.463	13.963	0.6017	0.465	0.200	2.650	82.676	8.203	-247.837	1.1843	0.117	-3.550								2.650	46.600	34.383	10.472	0.6675	0.492	0.150
																												2.700	43.651	33.161	13.963	0.6253	0.475	0.200	2.700	82.659	-1.396	-95.993	1.1840	-0.020	-1.375								2.700	48.328	34.907	12.217	0.6923	0.500	0.175
																												2.750	45.326	33.859	12.217	0.6493	0.485	0.175	2.750	82.537	-1.396	10.472	1.1823	-0.020	0.150								2.750	50.091	35.605	12.217	0.7175	0.510	0.175
																												2.800	47.037	34.383	10.472	0.6737	0.492	0.150	2.800	82.519	-0.349	10.472	1.1820	-0.005	0.150								2.800	51.889	36.128	10.472	0.7432	0.517	0.150
																												2.850	48.764	34.907	12.217	0.6985	0.500	0.175	2.850	82.502	-0.349	-1.745	1.1818	-0.005	-0.025								2.850	53.704	36.652	1.745	0.7692	0.525	0.025
																												2.900	50.527	35.605	12.217	0.7237	0.510	0.175	2.900	82.484	-0.524	-10.472	1.1815	-0.008	-0.150								2.900	55.554	36.303	-10.472	0.7958	0.520	-0.150
																												2.950	52.325	36.128	12.217	0.7495	0.518	0.175	2.950	82.449	-1.396	-20.944	1.1810	-0.020	-0.300								2.950	57.334	35.605	-8.727	0.8213	0.510	-0.125
																												3.000	54.140	36.826	12.217	0.7755	0.527	0.175	3.000	82.345	-2.618	-20.944	1.1795	-0.037	-0.300								3.000	59.114	35.430	-5.236	0.8467	0.507	-0.075
																												3.050	56.008	37.350	5.236	0.8022	0.535	0.075	3.050	82.188	-3.491	-12.217	1.1773	-0.050	-0.175								3.050	60.877	35.081	-6.981	0.8720	0.502	-0.100
																												3.100	57.875	37.350	0.000	0.8290	0.535	-1.110E-14	3.100	81.996	-3.840	0.000	1.1745	-0.055	-2.220E-14								3.100	62.622	34.732	-8.727	0.8970	0.498	-0.125
																												3.150	59.743	37.350	9.948E-13	0.8557	0.535	2.331E-14	3.150	81.804	-3.491	3.491	1.1718	-0.050	0.050								3.150	64.350	34.208	-10.472	0.9217	0.490	-0.150
																												3.200	61.610	37.350	-1.745	0.8825	0.535	-0.025	3.200	81.646	-3.491	-8.727	1.1695	-0.050	-0.125								3.200	66.043	33.685	-8.727	0.9460	0.483	-0.125
																												3.250	63.478	37.176	-5.236	0.9092	0.532	-0.075	3.250	81.455	-4.363	-20.944	1.1668	-0.062	-0.300								3.250	67.719	33.336	-8.727	0.9700	0.477	-0.125
																												3.300	65.328	36.826	-3.491	0.9358	0.527	-0.050	3.300	81.210	-5.585	-24.435	1.1633	-0.080	-0.350								3.300	69.377	32.812	-10.472	0.9938	0.470	-0.150
																												3.350	67.160	36.826	-1.421E-12	0.9620	0.528	1.110E-14	3.350	80.896	-6.807	-17.453	1.1588	-0.098	-0.250								3.350	71.000	32.289	-8.727	1.0170	0.462	-0.125
																												3.400	69.010	36.826	-3.491	0.9885	0.528	-0.050	3.400	80.529	-7.330	-1.745	1.1535	-0.105	-0.025								3.400	72.606	31.940	-8.727	1.0400	0.457	-0.125
																												3.450	70.843	36.477	-5.236	1.0148	0.523	-0.075	3.450	80.163	-6.981	6.981	1.1483	-0.100	0.100								3.450	74.194	31.416	-10.472	1.0628	0.450	-0.150
																												3.500	72.658	36.303	-1.745	1.0408	0.520	-0.025	3.500	79.831	-6.632	6.981	1.1435	-0.095	0.100								3.500	75.747	30.892	-8.727	1.0850	0.442	-0.125
																												3.550	74.473	36.303	-1.745	1.0668	0.520	-0.025	3.550	79.500	-6.283	5.236	1.1388	-0.090	0.075								3.550	77.283	30.543	-6.981	1.1070	0.437	-0.100
																												3.600	76.288	36.128	-22.689	1.0928	0.517	-0.325	3.600	79.203	-6.109	1.745	1.1345	-0.087	0.025								3.600	78.802	30.194	-8.727	1.1288	0.432	-0.125
																												3.650	78.086	34.034	-76.794	1.1185	0.487	-1.100	3.650	78.889	-6.109	3.491	1.1300	-0.088	0.050								3.650	80.303	29.671	-12.217	1.1503	0.425	-0.175
																												3.700	79.692	28.449	-132.645	1.1415	0.408	-1.900	3.700	78.592	-5.760	6.981	1.1258	-0.083	0.100								3.700	81.769	28.972	-12.217	1.1713	0.415	-0.175
																												3.750	80.931	20.769	-155.334	1.1593	0.298	-2.225	3.750	78.313	-5.411	5.236	1.1218	-0.077	0.075								3.750	83.200	28.449	-10.472	1.1918	0.407	-0.150
																												3.800	81.769	12.915	-158.825	1.1713	0.185	-2.275	3.800	78.051	-5.236	-3.491	1.1180	-0.075	-0.050								3.800	84.614	27.925	-12.217	1.2120	0.400	-0.175
																												3.850	82.222	4.887	-129.154	1.1778	0.070	-1.850	3.850	77.789	-5.760	-10.472	1.1143	-0.083	-0.150								3.850	85.992	27.227	-17.453	1.2318	0.390	-0.250
																												3.900	82.257	0.000		1.1783	0.000		3.900	77.475	-6.283	-5.236	1.1098	-0.090	-0.075								3.900	87.336	26.180	-27.925	1.2510	0.375	-0.400
																																			3.950	77.161	-6.283	1.745	1.1053	-0.090	0.025								3.950	88.610	24.435	-40.143	1.2693	0.350	-0.575
																																			4.000	76.847	-6.109	6.981	1.1008	-0.088	0.100								4.000	89.780	22.166	-48.869	1.2860	0.318	-0.700
																																			4.050	76.550	-5.585	6.981	1.0965	-0.080	0.100								4.050	90.827	19.548	-62.832	1.3010	0.280	-0.900
																																			4.100	76.288	-5.411	-3.491	1.0928	-0.077	-0.050								4.100	91.734	15.882	-82.030	1.3140	0.227	-1.175
																																			4.150	76.009	-5.934	-10.472	1.0888	-0.085	-0.150								4.150	92.415	11.345	-94.248	1.3238	0.162	-1.350
																																			4.200	75.695	-6.458	-8.727	1.0843	-0.093	-0.125								4.200	92.869	6.458	-95.993	1.3303	0.093	-1.375
																																			4.250	75.363	-6.807	-8.727	1.0795	-0.097	-0.125								4.250	93.061	1.745	-68.068	1.3330	0.025	-0.975
																																			4.300	75.014	-7.330	-6.981	1.0745	-0.105	-0.100								4.300	93.043	-0.349	-19.199	1.3328	-0.005	-0.275
																																			4.350	74.630	-7.505	5.236	1.0690	-0.107	0.075								4.350	93.026	-0.175	3.491	1.3325	-0.003	0.050
																																			4.400	74.264	-6.807	22.689	1.0638	-0.097	0.325								4.400	93.026	0.000		1.3325	0.000	
																																			4.450	73.950	-5.236	27.925	1.0593	-0.075	0.400														
																																			4.500	73.740	-4.014	6.981	1.0563	-0.057	0.100														
																																			4.550	73.548	-4.538	-15.708	1.0535	-0.065	-0.225														
																																			4.600	73.286	-5.585		1.0498	-0.080															
