Run #1	Run #1	Run #1	Run #1	Run #1	Run #1	Run #1	Run #2	Run #2	Run #2	Run #2	Run #2	Run #2	Run #2	Run #3	Run #3	Run #3	Run #3	Run #3	Run #3	Run #3	Run #4	Run #4	Run #4	Run #4	Run #4	Run #4	Run #4	Run #5	Run #5	Run #5	Run #5	Run #5	Run #5	Run #5
Time (s)	Angle (rad)	Angular Velocity (rad/s)	Angular Acceleration (rad/s²)	Position (m)	Velocity (m/s)	Acceleration (m/s²)	Time (s)	Angle (rad)	Angular Velocity (rad/s)	Angular Acceleration (rad/s²)	Position (m)	Velocity (m/s)	Acceleration (m/s²)	Time (s)	Angle (rad)	Angular Velocity (rad/s)	Angular Acceleration (rad/s²)	Position (m)	Velocity (m/s)	Acceleration (m/s²)	Time (s)	Angle (rad)	Angular Velocity (rad/s)	Angular Acceleration (rad/s²)	Position (m)	Velocity (m/s)	Acceleration (m/s²)	Time (s)	Angle (rad)	Angular Velocity (rad/s)	Angular Acceleration (rad/s²)	Position (m)	Velocity (m/s)	Acceleration (m/s²)
0	0			0			0	0			0			0	0.838			0.012			0	0			0			0	0.017			2.50E-04		
0.05	0	0		0	0		0.05	0	0		0	0		0.05	1.833	21.293		0.0262	0.305		0.05	0.017	0.175		2.50E-04	0.003		0.05	0.035	0.349		5.00E-04	0.005	
0.1	0	0	1.745	0	0	0.025	0.1	0	0	0	0	0	0	0.1	2.967	23.736	48.869	0.0425	0.34	0.7	0.1	0.017	0.175	1.745	2.50E-04	0.002	0.025	0.1	0.052	0.349	-1.11E-15	7.50E-04	0.005	0
0.15	0	0.175	5.236	0	0.003	0.075	0.15	0	0	1.745	0	0	0.025	0.15	4.206	26.18	50.615	0.0603	0.375	0.725	0.15	0.035	0.349	5.236	5.00E-04	0.005	0.075	0.15	0.07	0.349	2.22E-15	0.001	0.005	1.74E-17
0.2	0.017	0.524	5.236	2.50E-04	0.008	0.075	0.2	0	0.175	1.745	0	0.003	0.025	0.2	5.585	28.798	52.36	0.08	0.413	0.75	0.2	0.052	0.698	20.944	7.50E-04	0.01	0.3	0.2	0.087	0.349	0	0.0013	0.005	-1.74E-17
0.25	0.052	0.698	1.745	7.50E-04	0.01	0.025	0.25	0.017	0.175	-1.745	2.50E-04	0.002	-0.025	0.25	7.086	31.416	50.615	0.1015	0.45	0.725	0.25	0.105	2.443	43.633	0.0015	0.035	0.625	0.25	0.105	0.349	3.491	0.0015	0.005	0.05
0.3	0.087	0.698	-3.491	0.0013	0.01	-0.05	0.3	0.017	0	1.11E-15	2.50E-04	0	1.30E-17	0.3	8.727	33.859	47.124	0.125	0.485	0.675	0.3	0.297	5.061	50.615	0.0042	0.072	0.725	0.3	0.122	0.698	13.963	0.0018	0.01	0.2
0.35	0.122	0.349	-6.981	0.0018	0.005	-0.1	0.35	0.017	0.175	1.745	2.50E-04	0.003	0.025	0.35	10.472	36.128	48.869	0.15	0.517	0.7	0.35	0.611	7.505	48.869	0.0088	0.108	0.7	0.35	0.175	1.745	24.435	0.0025	0.025	0.35
0.4	0.122	0	-3.491	0.0018	0	-0.05	0.4	0.035	0.175	-1.745	5.00E-04	0.003	-0.025	0.4	12.339	38.746	50.615	0.1767	0.555	0.725	0.4	1.047	9.948	50.615	0.015	0.143	0.725	0.4	0.297	3.142	33.161	0.0042	0.045	0.475
0.45	0.122	0	1.745	0.0018	0	0.025	0.45	0.035	0	-1.745	5.00E-04	0	-0.025	0.45	14.347	41.19	47.124	0.2055	0.59	0.675	0.45	1.606	12.566	52.36	0.023	0.18	0.75	0.45	0.489	5.061	45.379	0.007	0.073	0.65
0.5	0.122	0.175	0	0.0018	0.002	0	0.5	0.035	0	0	5.00E-04	0	0	0.5	16.458	43.459	48.869	0.2358	0.622	0.7	0.5	2.304	15.184	50.615	0.033	0.217	0.725	0.5	0.803	7.679	48.869	0.0115	0.11	0.7
0.55	0.14	0	-3.491	0.002	0	-0.05	0.55	0.035	0	0	5.00E-04	0	0	0.55	18.692	46.077	50.615	0.2677	0.66	0.725	0.55	3.124	17.628	48.869	0.0447	0.252	0.7	0.55	1.257	9.948	43.633	0.018	0.142	0.625
0.6	0.122	-0.175	0	0.0018	-0.003	0	0.6	0.035	0	0	5.00E-04	0	0	0.6	21.066	48.52	48.869	0.3018	0.695	0.7	0.6	4.067	20.071	45.379	0.0583	0.288	0.65	0.6	1.798	12.043	43.633	0.0258	0.173	0.625
0.65	0.122	0	1.745	0.0018	0	0.025	0.65	0.035	0	0	5.00E-04	0	0	0.65	23.544	50.964	52.36	0.3372	0.73	0.75	0.65	5.131	22.166	40.143	0.0735	0.318	0.575	0.65	2.461	14.312	43.633	0.0353	0.205	0.625
0.7	0.122	0	0	0.0018	0	0	0.7	0.035	0	3.491	5.00E-04	0	0.05	0.7	26.162	53.756	52.36	0.3748	0.77	0.75	0.7	6.283	24.086	40.143	0.09	0.345	0.575	0.7	3.229	16.406	38.397	0.0462	0.235	0.55
0.75	0.122	0	1.745	0.0018	0	0.025	0.75	0.035	0.349	17.453	5.00E-04	0.005	0.25	0.75	28.92	56.2	47.124	0.4142	0.805	0.675	0.75	7.54	26.18	45.379	0.108	0.375	0.65	0.75	4.102	18.151	34.907	0.0588	0.26	0.5
0.8	0.122	0.175	1.745	0.0018	0.002	0.025	0.8	0.07	1.745	38.397	0.001	0.025	0.55	0.8	31.782	58.469	47.124	0.4552	0.837	0.675	0.8	8.901	28.623	48.869	0.1275	0.41	0.7	0.8	5.044	19.897	34.907	0.0722	0.285	0.5
0.85	0.14	0.175	-1.745	0.002	0.003	-0.025	0.85	0.209	4.189	48.869	0.003	0.06	0.7	0.85	34.767	60.912	47.124	0.498	0.873	0.675	0.85	10.402	31.067	48.869	0.149	0.445	0.7	0.85	6.091	21.642	34.907	0.0873	0.31	0.5
0.9	0.14	0	-1.745	0.002	0	-0.025	0.9	0.489	6.632	50.615	0.007	0.095	0.725	0.9	37.874	63.181	34.907	0.5425	0.905	0.5	0.9	12.008	33.51	50.615	0.172	0.48	0.725	0.9	7.208	23.387	36.652	0.1032	0.335	0.525
0.95	0.14	0	1.745	0.002	0	0.025	0.95	0.873	9.25	52.36	0.0125	0.133	0.75	0.95	41.085	64.403	12.217	0.5885	0.923	0.175	0.95	13.753	36.128	50.615	0.197	0.517	0.725	0.95	8.43	25.307	36.652	0.1207	0.363	0.525
1	0.14	0.175	13.963	0.002	0.003	0.2	1	1.414	11.868	50.615	0.0203	0.17	0.725	1	44.314	64.403	-3.491	0.6348	0.922	-0.05	1	15.621	38.572	48.869	0.2237	0.553	0.7	1	9.739	27.053	31.416	0.1395	0.388	0.45
1.05	0.157	1.396	34.907	0.0023	0.02	0.5	1.05	2.059	14.312	50.615	0.0295	0.205	0.725	1.05	47.525	64.054	-5.236	0.6807	0.917	-0.075	1.05	17.61	41.015	48.869	0.2523	0.587	0.7	1.05	11.135	28.449	26.18	0.1595	0.407	0.375
1.1	0.279	3.665	47.124	0.004	0.052	0.675	1.1	2.845	16.93	50.615	0.0408	0.242	0.725	1.1	50.719	63.879	-3.491	0.7265	0.915	-0.05	1.1	19.722	43.459	50.615	0.2825	0.622	0.725	1.1	12.584	29.671	24.435	0.1802	0.425	0.35
1.15	0.524	6.109	50.615	0.0075	0.087	0.725	1.15	3.752	19.373	50.615	0.0537	0.277	0.725	1.15	53.913	63.705	-22.689	0.7722	0.912	-0.325	1.15	21.956	46.077	48.869	0.3145	0.66	0.7	1.15	14.102	30.892	20.944	0.202	0.442	0.3
1.2	0.89	8.727	52.36	0.0128	0.125	0.75	1.2	4.782	21.991	50.615	0.0685	0.315	0.725	1.2	57.09	61.61	-82.03	0.8177	0.883	-1.175	1.2	24.33	48.346	45.379	0.3485	0.693	0.65	1.2	15.673	31.765	15.708	0.2245	0.455	0.225
1.25	1.396	11.345	48.869	0.02	0.163	0.7	1.25	5.952	24.435	48.869	0.0852	0.35	0.7	1.25	60.074	55.501	-179.769	0.8605	0.795	-2.575	1.25	26.791	50.615	48.869	0.3838	0.725	0.7	1.25	17.279	32.463	15.708	0.2475	0.465	0.225
1.3	2.025	13.614	48.869	0.029	0.195	0.7	1.3	7.226	26.878	48.869	0.1035	0.385	0.7	1.3	62.64	43.633	-280.998	0.8972	0.625	-4.025	1.3	29.391	53.233	48.869	0.421	0.762	0.7	1.3	18.919	33.336	13.963	0.271	0.477	0.2
1.35	2.758	16.232	52.36	0.0395	0.232	0.75	1.35	8.639	29.322	48.869	0.1237	0.42	0.7	1.35	64.438	27.402	-335.103	0.923	0.392	-4.8	1.35	32.114	55.501	47.124	0.46	0.795	0.675	1.35	20.612	33.859	13.963	0.2953	0.485	0.2
1.4	3.648	18.85	48.869	0.0522	0.27	0.7	1.4	10.158	31.765	50.615	0.1455	0.455	0.725	1.4	65.38	10.123	-272.271	0.9365	0.145	-3.9	1.4	34.941	57.945	50.615	0.5005	0.83	0.725	1.4	22.305	34.732	19.199	0.3195	0.497	0.275
1.45	4.643	21.118	48.869	0.0665	0.303	0.7	1.45	11.816	34.383	50.615	0.1693	0.493	0.725	1.45	65.45	0.175	-106.465	0.9375	0.002	-1.525	1.45	37.909	60.563	50.615	0.543	0.868	0.725	1.45	24.086	35.779	20.944	0.345	0.513	0.3
1.5	5.76	23.736	52.36	0.0825	0.34	0.75	1.5	13.596	36.826	48.869	0.1948	0.528	0.7	1.5	65.397	-0.524	-3.491	0.9368	-0.008	-0.05	1.5	40.998	63.006	41.888	0.5873	0.903	0.6	1.5	25.883	36.826	29.671	0.3708	0.528	0.425
1.55	7.016	26.354	52.36	0.1005	0.377	0.75	1.55	15.499	39.27	48.869	0.222	0.562	0.7	1.55	65.397	-0.175	3.491	0.9368	-0.002	0.05	1.55	44.209	64.752	20.944	0.6333	0.927	0.3	1.55	27.768	38.746	40.143	0.3977	0.555	0.575
1.6	8.395	28.972	50.615	0.1202	0.415	0.725	1.6	17.523	41.713	45.379	0.251	0.597	0.65	1.6	65.38	-0.175	-1.42E-12	0.9365	-0.002	0	1.6	47.473	65.101	1.745	0.68	0.932	0.025	1.6	29.758	40.841	43.633	0.4262	0.585	0.625
1.65	9.913	31.416	48.869	0.142	0.45	0.7	1.65	19.67	43.808	43.633	0.2817	0.627	0.625	1.65	65.38	-0.175		0.9365	-0.002		1.65	50.719	64.926	-1.745	0.7265	0.93	-0.025	1.65	31.852	43.11	47.124	0.4562	0.617	0.675
1.7	11.537	33.859	52.36	0.1653	0.485	0.75	1.7	21.904	46.077	48.869	0.3138	0.66	0.7								1.7	53.966	64.926	-10.472	0.773	0.93	-0.15	1.7	34.069	45.553	48.869	0.488	0.653	0.7
1.75	13.299	36.652	52.36	0.1905	0.525	0.75	1.75	24.278	48.695	50.615	0.3477	0.698	0.725								1.75	57.212	63.879	-127.409	0.8195	0.915	-1.825	1.75	36.408	47.997	48.869	0.5215	0.688	0.7
1.8	15.202	39.095	48.869	0.2177	0.56	0.7	1.8	26.773	51.138	47.124	0.3835	0.732	0.675								1.8	60.353	52.185	-415.388	0.8645	0.747	-5.95	1.8	38.868	50.44	50.615	0.5567	0.722	0.725
1.85	17.209	41.539	50.615	0.2465	0.595	0.725	1.85	29.391	53.407	47.124	0.421	0.765	0.675								1.85	62.43	22.34	-511.381	0.8942	0.32	-7.325	1.85	41.452	53.058	40.143	0.5937	0.76	0.575
1.9	19.356	44.157	48.869	0.2772	0.632	0.7	1.9	32.114	55.851	48.869	0.46	0.8	0.7								1.9	62.587	1.047	-228.638	0.8965	0.015	-3.275	1.9	44.174	54.454	10.472	0.6328	0.78	0.15
1.95	21.625	46.426	47.124	0.3098	0.665	0.675	1.95	34.976	58.294	48.869	0.501	0.835	0.7								1.95	62.535	-0.524	-12.217	0.8958	-0.007	-0.175	1.95	46.897	54.105	-15.708	0.6718	0.775	-0.225
2	23.998	48.869	50.615	0.3437	0.7	0.725	2	37.943	60.737	41.888	0.5435	0.87	0.6								2	62.535	-0.175	3.491	0.8958	-0.002	0.05	2	49.585	52.883	-34.907	0.7103	0.757	-0.5
2.05	26.512	51.487	50.615	0.3798	0.737	0.725	2.05	41.05	62.483	20.944	0.588	0.895	0.3								2.05	62.518	-0.175	7.03E-13	0.8955	-0.002	-1.12E-14	2.05	52.185	50.615	-47.124	0.7475	0.725	-0.675
2.1	29.147	53.931	48.869	0.4175	0.773	0.7	2.1	44.192	62.832	3.491	0.633	0.9	0.05								2.1	62.518	-0.175		0.8955	-0.003		2.1	54.646	48.171	-50.615	0.7828	0.69	-0.725
2.15	31.905	56.374	47.124	0.457	0.807	0.675	2.15	47.333	62.832	-2.77E-12	0.678	0.9	-5.11E-14															2.15	57.002	45.553	-62.832	0.8165	0.652	-0.9
2.2	34.784	58.643	48.869	0.4983	0.84	0.7	2.2	50.475	62.832	-3.491	0.723	0.9	-0.05															2.2	59.202	41.888	-89.012	0.848	0.6	-1.275
2.25	37.769	61.261	50.615	0.541	0.877	0.725	2.25	53.617	62.483	-6.981	0.768	0.895	-0.1															2.25	61.191	36.652	-127.409	0.8765	0.525	-1.825
2.3	40.911	63.705	43.633	0.586	0.912	0.625	2.3	56.723	62.134	-6.981	0.8125	0.89	-0.1															2.3	62.867	29.147		0.9005	0.417	
2.35	44.139	65.624	26.18	0.6322	0.94	0.375	2.35	59.83	61.785	-122.173	0.857	0.885	-1.75																					
2.4	47.473	66.323	3.491	0.68	0.95	0.05	2.4	62.902	49.916	-404.916	0.901	0.715	-5.8																					
2.45	50.772	65.973	-5.236	0.7273	0.945	-0.075	2.45	64.822	21.293	-479.965	0.9285	0.305	-6.875																					
2.5	54.07	65.799	-3.491	0.7745	0.942	-0.05	2.5	65.031	1.92	-216.421	0.9315	0.028	-3.1																					
2.55	57.352	65.624	-3.491	0.8215	0.94	-0.05	2.55	65.014	-0.349	-20.944	0.9313	-0.005	-0.3																					
2.6	60.633	65.45	-24.435	0.8685	0.937	-0.35	2.6	64.996	-0.175	3.491	0.931	-0.002	0.05																					
2.65	63.896	63.181	-291.47	0.9153	0.905	-4.175	2.65	64.996	0	-1.43E-12	0.931	0	-1.12E-14																					
2.7	66.951	36.303	-607.374	0.959	0.52	-8.7	2.7	64.996	-0.175		0.931	-0.003																						
2.75	67.527	2.443	-389.208	0.9673	0.035	-5.575																												
2.8	67.195	-2.618	-19.199	0.9625	-0.038	-0.275																												
2.85	67.265	0.524		0.9635	0.008																													
