Run #1	Run #1	Run #1	Run #1	Run #1	Run #1	Run #1	Run #2	Run #2	Run #2	Run #2	Run #2	Run #2	Run #2	Run #3	Run #3	Run #3	Run #3	Run #3	Run #3	Run #3	Run #4	Run #4	Run #4	Run #4	Run #4	Run #4	Run #4	Run #5	Run #5	Run #5	Run #5	Run #5	Run #5	Run #5
Time (s)	Angle (rad)	Angular Velocity (rad/s)	Angular Acceleration (rad/s²)	Position (m)	Velocity (m/s)	Acceleration (m/s²)	Time (s)	Angle (rad)	Angular Velocity (rad/s)	Angular Acceleration (rad/s²)	Position (m)	Velocity (m/s)	Acceleration (m/s²)	Time (s)	Angle (rad)	Angular Velocity (rad/s)	Angular Acceleration (rad/s²)	Position (m)	Velocity (m/s)	Acceleration (m/s²)	Time (s)	Angle (rad)	Angular Velocity (rad/s)	Angular Acceleration (rad/s²)	Position (m)	Velocity (m/s)	Acceleration (m/s²)	Time (s)	Angle (rad)	Angular Velocity (rad/s)	Angular Acceleration (rad/s²)	Position (m)	Velocity (m/s)	Acceleration (m/s²)
0.000	0.000			0.0000			0.000	0.017			2.5000E-4			0.000	0.000			0.0000			0.000	0.017			2.5000E-4			0.000	0.000			0.0000		
0.050	0.017	0.175		2.5000E-4	0.003		0.050	0.052	0.524		7.5000E-4	0.008		0.050	0.000	0.000		0.0000	0.000		0.050	0.052	0.698		7.5000E-4	0.010		0.050	0.017	0.349		2.5000E-4	0.005	
0.100	0.017	0.175	1.745	2.5000E-4	0.002	0.025	0.100	0.070	0.524	1.745	0.0010	0.007	0.025	0.100	0.000	0.000	0.000	0.0000	0.000	0.000	0.100	0.087	0.698	-1.745	0.0013	0.010	-0.025	0.100	0.035	0.349	0.000	5.0000E-4	0.005	0.000
0.150	0.035	0.349	1.745	5.0000E-4	0.005	0.025	0.150	0.105	0.698	1.745	0.0015	0.010	0.025	0.150	0.000	0.000	1.745	0.0000	0.000	0.025	0.150	0.122	0.524	3.331E-15	0.0018	0.008	1.735E-17	0.150	0.052	0.349	0.000	7.5000E-4	0.005	1.735E-17
0.200	0.052	0.349	-2.220E-15	7.5000E-4	0.005	-1.735E-17	0.200	0.140	0.698	-1.110E-15	0.0020	0.010	-3.469E-17	0.200	0.000	0.175	1.745	0.0000	0.003	0.025	0.200	0.140	0.698	3.491	0.0020	0.010	0.050	0.200	0.070	0.349	-5.551E-16	0.0010	0.005	-1.735E-17
0.250	0.070	0.349	-1.665E-15	0.0010	0.005	-2.602E-17	0.250	0.175	0.698	-1.110E-15	0.0025	0.010	-5.204E-17	0.250	0.017	0.175	-1.745	2.5000E-4	0.002	-0.025	0.250	0.192	0.873	-5.551E-15	0.0027	0.013	-3.469E-17	0.250	0.087	0.349	1.745	0.0013	0.005	0.025
0.300	0.087	0.349	3.331E-15	0.0013	0.005	2.602E-17	0.300	0.209	0.698	1.110E-15	0.0030	0.010	5.204E-17	0.300	0.017	0.000	1.110E-15	2.5000E-4	0.000	1.301E-17	0.300	0.227	0.698	-1.745	0.0033	0.010	-0.025	0.300	0.105	0.524	1.745	0.0015	0.007	0.025
0.350	0.105	0.349	5.551E-16	0.0015	0.005	2.602E-17	0.350	0.244	0.698	4.441E-15	0.0035	0.010	1.041E-16	0.350	0.017	0.175	1.745	2.5000E-4	0.003	0.025	0.350	0.262	0.698	1.745	0.0037	0.010	0.025	0.350	0.140	0.524	3.331E-15	0.0020	0.008	1.735E-17
0.400	0.122	0.349	1.745	0.0018	0.005	0.025	0.400	0.279	0.698	1.745	0.0040	0.010	0.025	0.400	0.035	0.175	2.776E-16	5.0000E-4	0.003	0.000	0.400	0.297	0.873	1.745	0.0042	0.013	0.025	0.400	0.157	0.524	0.000	0.0023	0.008	-4.337E-17
0.450	0.140	0.524	1.745	0.0020	0.008	0.025	0.450	0.314	0.873	1.745	0.0045	0.013	0.025	0.450	0.035	0.175	1.745	5.0000E-4	0.003	0.025	0.450	0.349	0.873	-5.551E-15	0.0050	0.012	-6.939E-17	0.450	0.192	0.524	-3.331E-15	0.0027	0.008	0.000
0.500	0.175	0.524	-4.441E-15	0.0025	0.007	-6.072E-17	0.500	0.367	0.873	-9.992E-15	0.0052	0.012	-1.388E-16	0.500	0.052	0.349	1.745	7.5000E-4	0.005	0.025	0.500	0.384	0.873	1.745	0.0055	0.013	0.025	0.500	0.209	0.524	1.745	0.0030	0.008	0.025
0.550	0.192	0.524	1.745	0.0027	0.007	0.025	0.550	0.401	0.873	5.551E-15	0.0057	0.012	1.561E-16	0.550	0.070	0.349	-1.745	0.0010	0.005	-0.025	0.550	0.436	1.047	1.745	0.0062	0.015	0.025	0.550	0.244	0.698	1.745	0.0035	0.010	0.025
0.600	0.227	0.698	1.745	0.0033	0.010	0.025	0.600	0.454	0.873	1.554E-14	0.0065	0.013	5.204E-17	0.600	0.087	0.175	-1.745	0.0013	0.003	-0.025	0.600	0.489	1.047	1.332E-14	0.0070	0.015	1.735E-16	0.600	0.279	0.698	7.772E-15	0.0040	0.010	1.041E-16
0.650	0.262	0.698	-1.745	0.0037	0.010	-0.025	0.650	0.489	0.873	1.745	0.0070	0.012	0.025	0.650	0.087	0.175	3.491	0.0013	0.003	0.050	0.650	0.541	1.047	-1.110E-14	0.0077	0.015	0.000	0.650	0.314	0.698	-3.331E-15	0.0045	0.010	-1.388E-16
0.700	0.297	0.524	-3.331E-15	0.0042	0.008	0.000	0.700	0.541	1.047	1.745	0.0077	0.015	0.025	0.700	0.105	0.524	3.491	0.0015	0.008	0.050	0.700	0.593	1.047	-6.661E-15	0.0085	0.015	-8.674E-17	0.700	0.349	0.698	5.551E-15	0.0050	0.010	0.000
0.750	0.314	0.698	3.491	0.0045	0.010	0.050	0.750	0.593	1.047	-1.776E-14	0.0085	0.015	-2.602E-16	0.750	0.140	0.524	-1.745	0.0020	0.008	-0.025	0.750	0.646	1.047	-1.110E-14	0.0092	0.015	0.000	0.750	0.384	0.698	1.745	0.0055	0.010	0.025
0.800	0.367	0.873	0.000	0.0052	0.012	0.000	0.800	0.646	1.047	0.000	0.0092	0.015	1.735E-16	0.800	0.157	0.349	-1.745	0.0023	0.005	-0.025	0.800	0.698	1.047	1.110E-14	0.0100	0.015	0.000	0.800	0.419	0.873	1.745	0.0060	0.012	0.025
0.850	0.401	0.698	-1.745	0.0057	0.010	-0.025	0.850	0.698	1.047	2.220E-14	0.0100	0.015	1.735E-16	0.850	0.175	0.349	1.745	0.0025	0.005	0.025	0.850	0.750	1.047	1.745	0.0108	0.015	0.025	0.850	0.471	0.873	9.992E-15	0.0067	0.013	1.388E-16
0.900	0.436	0.698	1.745	0.0062	0.010	0.025	0.900	0.750	1.047	1.110E-14	0.0108	0.015	-1.735E-16	0.900	0.192	0.524	3.491	0.0027	0.008	0.050	0.900	0.803	1.222	1.745	0.0115	0.018	0.025	0.900	0.506	0.873	0.000	0.0072	0.013	0.000
0.950	0.471	0.873	1.745	0.0067	0.012	0.025	0.950	0.803	1.047	1.745	0.0115	0.015	0.025	0.950	0.227	0.698	0.000	0.0033	0.010	-4.337E-17	0.950	0.873	1.222	0.000	0.0125	0.018	0.000	0.950	0.559	0.873	0.000	0.0080	0.013	-8.674E-17
1.000	0.524	0.873	-9.992E-15	0.0075	0.013	3.469E-17	1.000	0.855	1.222	1.745	0.0122	0.018	0.025	1.000	0.262	0.524	-1.745	0.0037	0.008	-0.025	1.000	0.925	1.222	1.745	0.0132	0.018	0.025	1.000	0.593	0.873	1.745	0.0085	0.012	0.025
1.050	0.559	0.873	1.745	0.0080	0.013	0.025	1.050	0.925	1.222	-2.442E-14	0.0132	0.017	-1.735E-16	1.050	0.279	0.524	1.745	0.0040	0.008	0.025	1.050	0.995	1.396	-1.332E-14	0.0142	0.020	-1.735E-16	1.050	0.646	1.047	1.745	0.0092	0.015	0.025
1.100	0.611	1.047	1.745	0.0088	0.015	0.025	1.100	0.977	1.222	0.000	0.0140	0.017	0.000	1.100	0.314	0.698	1.745	0.0045	0.010	0.025	1.100	1.065	1.222	-1.745	0.0153	0.017	-0.025	1.100	0.698	1.047	1.110E-14	0.0100	0.015	0.000
1.150	0.663	1.047	3.331E-14	0.0095	0.015	3.469E-16	1.150	1.047	1.222	4.885E-14	0.0150	0.017	5.551E-16	1.150	0.349	0.698	2.109E-14	0.0050	0.010	2.255E-16	1.150	1.117	1.222	1.745	0.0160	0.018	0.025	1.150	0.750	1.047	3.331E-14	0.0108	0.015	1.735E-16
1.200	0.716	1.047	1.110E-14	0.0103	0.015	3.469E-16	1.200	1.100	1.222	1.745	0.0158	0.018	0.025	1.200	0.384	0.698	1.554E-14	0.0055	0.010	3.990E-16	1.200	1.187	1.396	1.745	0.0170	0.020	0.025	1.200	0.803	1.047	1.110E-14	0.0115	0.015	5.204E-16
1.250	0.768	1.047	-3.331E-14	0.0110	0.015	-1.735E-16	1.250	1.169	1.396	1.745	0.0168	0.020	0.025	1.250	0.419	0.698	1.745	0.0060	0.010	0.025	1.250	1.257	1.396	-5.329E-14	0.0180	0.020	-7.980E-16	1.250	0.855	1.047	-3.331E-14	0.0122	0.015	-3.469E-16
1.300	0.820	1.047	-1.110E-14	0.0117	0.015	-3.469E-16	1.300	1.239	1.396	-8.882E-15	0.0178	0.020	-7.980E-16	1.300	0.454	0.873	1.745	0.0065	0.012	0.025	1.300	1.326	1.396	1.745	0.0190	0.020	0.025	1.300	0.908	1.047	1.745	0.0130	0.015	0.025
1.350	0.873	1.047	1.110E-14	0.0125	0.015	-1.735E-16	1.350	1.309	1.396	2.220E-14	0.0188	0.020	3.469E-16	1.350	0.506	0.873	0.000	0.0072	0.012	0.000	1.350	1.396	1.571	1.745	0.0200	0.022	0.025	1.350	0.960	1.222	1.745	0.0137	0.017	0.025
1.400	0.925	1.047	1.745	0.0132	0.015	0.025	1.400	1.379	1.396	3.109E-14	0.0198	0.020	7.980E-16	1.400	0.541	0.873	1.332E-14	0.0077	0.012	4.510E-16	1.400	1.484	1.571	-1.745	0.0213	0.022	-0.025	1.400	1.030	1.222	1.554E-14	0.0147	0.017	3.816E-16
1.450	0.977	1.222	1.745	0.0140	0.018	0.025	1.450	1.449	1.396	8.882E-15	0.0208	0.020	1.041E-16	1.450	0.593	0.873	1.887E-14	0.0085	0.013	1.908E-16	1.450	1.553	1.396	3.331E-14	0.0222	0.020	8.674E-16	1.450	1.082	1.222	4.441E-15	0.0155	0.018	5.551E-16
1.500	1.047	1.222	-4.441E-15	0.0150	0.018	-2.082E-16	1.500	1.518	1.396	1.745	0.0218	0.020	0.025	1.500	0.628	0.873	1.745	0.0090	0.013	0.025	1.500	1.623	1.571	3.491	0.0233	0.023	0.050	1.500	1.152	1.222	-4.441E-15	0.0165	0.018	-5.551E-16
1.550	1.100	1.222	1.745	0.0158	0.018	0.025	1.550	1.588	1.571	1.745	0.0228	0.022	0.025	1.550	0.681	1.047	1.745	0.0097	0.015	0.025	1.550	1.710	1.745	-3.331E-14	0.0245	0.025	-8.674E-16	1.550	1.204	1.222	1.745	0.0173	0.017	0.025
1.600	1.169	1.396	1.745	0.0168	0.020	0.025	1.600	1.676	1.571	-2.220E-14	0.0240	0.022	0.000	1.600	0.733	1.047	1.110E-14	0.0105	0.015	0.000	1.600	1.798	1.571	-1.745	0.0258	0.022	-0.025	1.600	1.274	1.396	1.745	0.0183	0.020	0.025
1.650	1.239	1.396	-1.745	0.0178	0.020	-0.025	1.650	1.745	1.571	3.331E-14	0.0250	0.022	1.735E-16	1.650	0.785	1.047	3.331E-14	0.0112	0.015	5.204E-16	1.650	1.868	1.571	1.745	0.0268	0.022	0.025	1.650	1.344	1.396	8.882E-15	0.0193	0.020	7.980E-16
1.700	1.309	1.222	-1.745	0.0188	0.018	-0.025	1.700	1.833	1.571	5.551E-14	0.0262	0.023	8.674E-16	1.700	0.838	1.047	1.110E-14	0.0120	0.015	3.469E-16	1.700	1.955	1.745	1.745	0.0280	0.025	0.025	1.700	1.414	1.396	5.329E-14	0.0203	0.020	1.041E-16
1.750	1.361	1.222	3.491	0.0195	0.018	0.050	1.750	1.902	1.571	1.745	0.0272	0.023	0.025	1.750	0.890	1.047	-3.331E-14	0.0128	0.015	-5.204E-16	1.750	2.042	1.745	-1.554E-14	0.0293	0.025	-9.021E-16	1.750	1.484	1.396	-8.882E-15	0.0213	0.020	-7.980E-16
1.800	1.431	1.571	3.491	0.0205	0.022	0.050	1.800	1.990	1.745	1.745	0.0285	0.025	0.025	1.800	0.942	1.047	1.745	0.0135	0.015	0.025	1.800	2.129	1.745	1.745	0.0305	0.025	0.025	1.800	1.553	1.396	-3.109E-14	0.0222	0.020	-1.041E-16
1.850	1.518	1.571	-1.745	0.0218	0.022	-0.025	1.850	2.077	1.745	-2.220E-14	0.0298	0.025	-3.469E-16	1.850	0.995	1.222	1.745	0.0142	0.017	0.025	1.850	2.217	1.920	1.745	0.0318	0.028	0.025	1.850	1.623	1.396	1.745	0.0233	0.020	0.025
1.900	1.588	1.396	-1.745	0.0228	0.020	-0.025	1.900	2.164	1.745	1.554E-14	0.0310	0.025	9.021E-16	1.900	1.065	1.222	4.885E-14	0.0153	0.017	5.551E-16	1.900	2.321	1.920	-1.745	0.0333	0.028	-0.025	1.900	1.693	1.571	1.745	0.0243	0.022	0.025
1.950	1.658	1.396	1.745	0.0238	0.020	0.025	1.950	2.251	1.745	0.000	0.0323	0.025	3.469E-16	1.950	1.117	1.222	1.745	0.0160	0.018	0.025	1.950	2.409	1.745	0.000	0.0345	0.025	-6.939E-16	1.950	1.780	1.571	0.000	0.0255	0.023	-3.469E-16
2.000	1.728	1.571	1.745	0.0248	0.022	0.025	2.000	2.339	1.745	-3.775E-14	0.0335	0.025	-5.551E-16	2.000	1.187	1.396	1.745	0.0170	0.020	0.025	2.000	2.496	1.920	3.491	0.0358	0.027	0.050	2.000	1.850	1.571	1.745	0.0265	0.022	0.025
2.050	1.815	1.571	6.883E-14	0.0260	0.022	6.592E-16	2.050	2.426	1.745	1.745	0.0348	0.025	0.025	2.050	1.257	1.396	-1.745	0.0180	0.020	-0.025	2.050	2.601	2.094	4.219E-14	0.0372	0.030	1.908E-15	2.050	1.937	1.745	4.663E-14	0.0278	0.025	1.006E-15
2.100	1.885	1.571	1.745	0.0270	0.023	0.025	2.100	2.513	1.920	1.745	0.0360	0.028	0.025	2.100	1.326	1.222	-1.745	0.0190	0.018	-0.025	2.100	2.705	1.920	-1.745	0.0387	0.028	-0.025	2.100	2.025	1.571	-1.745	0.0290	0.023	-0.025
2.150	1.972	1.745	1.745	0.0283	0.025	0.025	2.150	2.618	1.920	-4.219E-14	0.0375	0.027	-5.204E-16	2.150	1.379	1.222	3.491	0.0198	0.018	0.050	2.150	2.793	1.920	1.745	0.0400	0.028	0.025	2.150	2.094	1.571	1.745	0.0300	0.022	0.025
2.200	2.059	1.745	-1.745	0.0295	0.025	-0.025	2.200	2.705	1.920	1.745	0.0387	0.028	0.025	2.200	1.449	1.571	3.491	0.0208	0.022	0.050	2.200	2.897	2.094	1.745	0.0415	0.030	0.025	2.200	2.182	1.745	1.745	0.0313	0.025	0.025
2.250	2.147	1.571	-1.745	0.0308	0.022	-0.025	2.250	2.810	2.094	-4.441E-14	0.0403	0.030	0.000	2.250	1.536	1.571	-1.745	0.0220	0.022	-0.025	2.250	3.002	2.094	4.441E-14	0.0430	0.030	-6.939E-16	2.250	2.269	1.745	0.000	0.0325	0.025	0.000
2.300	2.217	1.571	1.745	0.0318	0.022	0.025	2.300	2.915	1.920	-1.745	0.0418	0.028	-0.025	2.300	1.606	1.396	0.000	0.0230	0.020	3.469E-16	2.300	3.107	2.094	0.000	0.0445	0.030	6.939E-16	2.300	2.356	1.745	0.000	0.0338	0.025	-6.939E-16
2.350	2.304	1.745	3.491	0.0330	0.025	0.050	2.350	3.002	1.920	1.745	0.0430	0.027	0.025	2.350	1.676	1.571	1.745	0.0240	0.022	0.025	2.350	3.211	2.094	1.745	0.0460	0.030	0.025	2.350	2.443	1.745	1.745	0.0350	0.025	0.025
2.400	2.391	1.920	1.745	0.0343	0.028	0.025	2.400	3.107	2.094	1.745	0.0445	0.030	0.025	2.400	1.763	1.571	4.663E-14	0.0253	0.022	6.592E-16	2.400	3.316	2.269	1.745	0.0475	0.033	0.025	2.400	2.531	1.920	1.745	0.0362	0.027	0.025
2.450	2.496	1.920	-1.745	0.0358	0.028	-0.025	2.450	3.211	2.094	1.745	0.0460	0.030	0.025	2.450	1.833	1.571	2.220E-14	0.0262	0.023	3.469E-16	2.450	3.438	2.269	-4.441E-14	0.0493	0.033	-6.939E-16	2.450	2.635	1.920	-4.441E-14	0.0378	0.028	6.939E-16
2.500	2.583	1.745	-1.745	0.0370	0.025	-0.025	2.500	3.316	2.269	1.745	0.0475	0.033	0.025	2.500	1.920	1.571	-2.442E-14	0.0275	0.022	-6.592E-16	2.500	3.543	2.269	-1.021E-13	0.0508	0.032	-2.151E-15	2.500	2.723	1.920	-1.310E-13	0.0390	0.028	-1.214E-15
2.550	2.670	1.745	1.745	0.0383	0.025	0.025	2.550	3.438	2.269	-1.745	0.0493	0.033	-0.025	2.550	1.990	1.571	1.745	0.0285	0.022	0.025	2.550	3.665	2.269	4.441E-14	0.0525	0.032	6.939E-16	2.550	2.827	1.920	4.441E-14	0.0405	0.028	0.000
2.600	2.758	1.920	1.745	0.0395	0.028	0.025	2.600	3.543	2.094	0.000	0.0508	0.030	-6.939E-16	2.600	2.077	1.745	1.745	0.0298	0.025	0.025	2.600	3.770	2.269	1.745	0.0540	0.033	0.025	2.600	2.915	1.920	1.745	0.0418	0.028	0.025
2.650	2.862	1.920	4.219E-14	0.0410	0.028	1.214E-15	2.650	3.648	2.269	1.745	0.0522	0.032	0.025	2.650	2.164	1.745	5.551E-14	0.0310	0.025	1.457E-15	2.650	3.892	2.443	1.745	0.0558	0.035	0.025	2.650	3.019	2.094	8.660E-14	0.0433	0.030	5.204E-16
2.700	2.950	1.920	1.745	0.0423	0.028	0.025	2.700	3.770	2.269	0.000	0.0540	0.033	6.939E-16	2.700	2.251	1.745	0.000	0.0323	0.025	3.469E-16	2.700	4.014	2.443	0.000	0.0575	0.035	-6.939E-16	2.700	3.124	1.920	-1.745	0.0447	0.028	-0.025
2.750	3.054	2.094	1.745	0.0438	0.030	0.025	2.750	3.875	2.269	1.745	0.0555	0.033	0.025	2.750	2.339	1.745	-7.772E-14	0.0335	0.025	-1.110E-15	2.750	4.136	2.443	-1.110E-13	0.0593	0.035	-2.220E-15	2.750	3.211	1.920	1.745	0.0460	0.028	0.025
2.800	3.159	2.094	0.000	0.0453	0.030	6.939E-16	2.800	3.997	2.443	1.745	0.0573	0.035	0.025	2.800	2.426	1.745	0.000	0.0348	0.025	-6.939E-16	2.800	4.259	2.443	8.882E-14	0.0610	0.035	6.939E-16	2.800	3.316	2.094	3.491	0.0475	0.030	0.050
2.850	3.264	2.094	4.441E-14	0.0467	0.030	6.939E-16	2.850	4.119	2.443	0.000	0.0590	0.035	-6.939E-16	2.850	2.513	1.745	1.745	0.0360	0.025	0.025	2.850	4.381	2.443	1.745	0.0627	0.035	0.025	2.850	3.421	2.269	1.745	0.0490	0.033	0.025
2.900	3.368	2.094	9.326E-14	0.0483	0.030	1.353E-15	2.900	4.241	2.443	1.110E-13	0.0608	0.035	2.220E-15	2.900	2.601	1.920	1.745	0.0372	0.027	0.025	2.900	4.503	2.618	1.745	0.0645	0.037	0.025	2.900	3.543	2.269	-1.745	0.0508	0.032	-0.025
2.950	3.473	2.094	-4.441E-14	0.0498	0.030	-6.939E-16	2.950	4.363	2.443	0.000	0.0625	0.035	6.939E-16	2.950	2.705	1.920	4.441E-14	0.0387	0.028	6.939E-16	2.950	4.643	2.618	0.000	0.0665	0.038	0.000	2.950	3.648	2.094	0.000	0.0522	0.030	6.939E-16
3.000	3.578	2.094	1.745	0.0513	0.030	0.025	3.000	4.485	2.443	-2.220E-14	0.0642	0.035	-1.527E-15	3.000	2.793	1.920	1.745	0.0400	0.028	0.025	3.000	4.765	2.618	-2.665E-14	0.0683	0.037	-1.665E-15	3.000	3.752	2.269	1.745	0.0537	0.033	0.025
3.050	3.683	2.269	1.745	0.0528	0.032	0.025	3.050	4.608	2.443	1.745	0.0660	0.035	0.025	3.050	2.897	2.094	-4.441E-14	0.0415	0.030	-6.939E-16	3.050	4.904	2.618	-8.882E-14	0.0703	0.037	-1.388E-15	3.050	3.875	2.269	0.000	0.0555	0.033	0.000
3.100	3.805	2.269	-1.745	0.0545	0.033	-0.025	3.100	4.730	2.618	1.745	0.0678	0.037	0.025	3.100	3.002	1.920	-1.745	0.0430	0.027	-0.025	3.100	5.027	2.618	1.745	0.0720	0.037	0.025	3.100	3.979	2.269	-4.441E-14	0.0570	0.033	-6.939E-16
3.150	3.910	2.094	5.773E-14	0.0560	0.030	1.457E-15	3.150	4.869	2.618	2.665E-14	0.0698	0.037	2.776E-16	3.150	3.089	1.920	1.745	0.0442	0.027	0.025	3.150	5.166	2.793	1.745	0.0740	0.040	0.025	3.150	4.102	2.269	1.021E-13	0.0588	0.032	7.633E-16
3.200	4.014	2.269	3.491	0.0575	0.033	0.050	3.200	4.992	2.618	1.745	0.0715	0.038	0.025	3.200	3.194	2.094	1.745	0.0458	0.030	0.025	3.200	5.306	2.793	8.882E-14	0.0760	0.040	1.388E-15	3.200	4.206	2.269	1.745	0.0603	0.033	0.025
3.250	4.136	2.443	1.745	0.0593	0.035	0.025	3.250	5.131	2.793	-2.665E-14	0.0735	0.040	-2.776E-16	3.250	3.299	2.094	1.745	0.0473	0.030	0.025	3.250	5.445	2.793	-1.243E-13	0.0780	0.040	-1.735E-15	3.250	4.328	2.443	1.745	0.0620	0.035	0.025
3.300	4.259	2.443	8.882E-14	0.0610	0.035	6.939E-16	3.300	5.271	2.618	-1.745	0.0755	0.037	-0.025	3.300	3.403	2.269	1.745	0.0487	0.033	0.025	3.300	5.585	2.793	0.000	0.0800	0.040	0.000	3.300	4.451	2.443	-8.882E-14	0.0637	0.035	0.000
3.350	4.381	2.443	8.882E-14	0.0627	0.035	6.939E-16	3.350	5.393	2.618	1.745	0.0772	0.037	0.025	3.350	3.526	2.269	-1.745	0.0505	0.033	-0.025	3.350	5.725	2.793	1.745	0.0820	0.040	0.025	3.350	4.573	2.443	1.745	0.0655	0.035	0.025
3.400	4.503	2.443	2.220E-14	0.0645	0.035	1.527E-15	3.400	5.533	2.793	1.745	0.0792	0.040	0.025	3.400	3.630	2.094	1.021E-13	0.0520	0.030	7.633E-16	3.400	5.864	2.967	1.745	0.0840	0.043	0.025	3.400	4.695	2.618	1.745	0.0672	0.037	0.025
3.450	4.625	2.443	-8.882E-14	0.0662	0.035	0.000	3.450	5.672	2.793	0.000	0.0812	0.040	0.000	3.450	3.735	2.269	1.745	0.0535	0.033	0.025	3.450	6.021	2.967	-1.745	0.0863	0.043	-0.025	3.450	4.835	2.618	-1.745	0.0692	0.038	-0.025
3.500	4.747	2.443	-1.110E-13	0.0680	0.035	-1.527E-15	3.500	5.812	2.793	1.745	0.0833	0.040	0.025	3.500	3.857	2.269	-1.465E-13	0.0553	0.033	-7.633E-16	3.500	6.161	2.793	-1.332E-13	0.0882	0.040	-4.857E-16	3.500	4.957	2.443	-2.665E-14	0.0710	0.035	-3.053E-15
3.550	4.869	2.443	1.745	0.0698	0.035	0.025	3.550	5.952	2.967	1.745	0.0852	0.043	0.025	3.550	3.962	2.269	1.745	0.0568	0.033	0.025	3.550	6.301	2.967	3.491	0.0902	0.043	0.050	3.550	5.079	2.618	1.745	0.0727	0.037	0.025
3.600	4.992	2.618	1.745	0.0715	0.037	0.025	3.600	6.109	2.967	0.000	0.0875	0.042	-1.388E-15	3.600	4.084	2.443	1.745	0.0585	0.035	0.025	3.600	6.458	3.142	0.000	0.0925	0.045	0.000	3.600	5.219	2.618	-8.882E-14	0.0747	0.037	1.388E-15
3.650	5.131	2.618	2.043E-13	0.0735	0.037	3.053E-15	3.650	6.248	2.967	1.332E-13	0.0895	0.042	3.261E-15	3.650	4.206	2.443	2.442E-13	0.0603	0.035	2.220E-15	3.650	6.615	2.967	-1.745	0.0948	0.043	-0.025	3.650	5.341	2.618	1.745	0.0765	0.037	0.025
3.700	5.253	2.618	-8.882E-14	0.0752	0.038	1.388E-15	3.700	6.405	2.967	8.882E-14	0.0917	0.043	1.388E-15	3.700	4.328	2.443	-8.882E-14	0.0620	0.035	6.939E-16	3.700	6.754	2.967	1.745	0.0967	0.043	0.025	3.700	5.480	2.793	8.882E-14	0.0785	0.040	0.000
3.750	5.393	2.618	-2.043E-13	0.0772	0.037	-1.665E-15	3.750	6.545	2.967	1.745	0.0937	0.043	0.025	3.750	4.451	2.443	-1.998E-13	0.0637	0.035	-1.527E-15	3.750	6.912	3.142	1.745	0.0990	0.045	0.025	3.750	5.620	2.618	-1.745	0.0805	0.037	-0.025
3.800	5.515	2.618	1.745	0.0790	0.037	0.025	3.800	6.702	3.142	-8.882E-14	0.0960	0.045	0.000	3.800	4.573	2.443	0.000	0.0655	0.035	0.000	3.800	7.069	3.142	-8.882E-14	0.1012	0.045	-1.388E-15	3.800	5.742	2.618	1.745	0.0823	0.037	0.025
3.850	5.655	2.793	1.745	0.0810	0.040	0.025	3.850	6.859	2.967	-1.745	0.0983	0.043	-0.025	3.850	4.695	2.443	1.745	0.0672	0.035	0.025	3.850	7.226	3.142	-8.882E-14	0.1035	0.045	-1.388E-15	3.850	5.882	2.793	3.491	0.0842	0.040	0.050
3.900	5.794	2.793	1.243E-13	0.0830	0.040	1.735E-15	3.900	6.999	2.967	1.745	0.1003	0.043	0.025	3.900	4.817	2.618	1.745	0.0690	0.037	0.025	3.900	7.383	3.142	2.265E-13	0.1057	0.045	3.400E-15	3.900	6.021	2.967	1.745	0.0863	0.042	0.025
3.950	5.934	2.793	1.745	0.0850	0.040	0.025	3.950	7.156	3.142	3.491	0.1025	0.045	0.050	3.950	4.957	2.618	2.043E-13	0.0710	0.038	2.776E-16	3.950	7.540	3.142	1.745	0.1080	0.045	0.025	3.950	6.178	2.967	-1.745	0.0885	0.043	-0.025
4.000	6.074	2.967	1.745	0.0870	0.043	0.025	4.000	7.313	3.316	1.745	0.1047	0.048	0.025	4.000	5.079	2.618	1.745	0.0727	0.038	0.025	4.000	7.697	3.316	1.745	0.1102	0.048	0.025	4.000	6.318	2.793	-1.745	0.0905	0.040	-0.025
4.050	6.231	2.967	-1.745	0.0892	0.042	-0.025	4.050	7.487	3.316	-1.745	0.1072	0.047	-0.025	4.050	5.219	2.793	-3.197E-13	0.0747	0.040	-1.943E-15	4.050	7.871	3.316	-2.975E-13	0.1127	0.047	-4.163E-15	4.050	6.458	2.793	1.745	0.0925	0.040	0.025
4.100	6.370	2.793	2.665E-13	0.0912	0.040	5.204E-15	4.100	7.645	3.142	-1.745	0.1095	0.045	-0.025	4.100	5.358	2.618	-1.745	0.0767	0.037	-0.025	4.100	8.029	3.316	4.752E-13	0.1150	0.047	4.163E-15	4.100	6.597	2.967	1.745	0.0945	0.042	0.025
4.150	6.510	2.967	1.745	0.0933	0.043	0.025	4.150	7.802	3.142	1.745	0.1117	0.045	0.025	4.150	5.480	2.618	1.745	0.0785	0.038	0.025	4.150	8.203	3.316	2.087E-13	0.1175	0.048	2.776E-15	4.150	6.754	2.967	3.553E-13	0.0967	0.043	3.816E-15
4.200	6.667	2.967	0.000	0.0955	0.043	0.000	4.200	7.959	3.316	3.491	0.1140	0.048	0.050	4.200	5.620	2.793	1.745	0.0805	0.040	0.025	4.200	8.360	3.316	1.745	0.1197	0.048	0.025	4.200	6.894	2.967	1.745	0.0987	0.043	0.025
4.250	6.807	2.967	1.745	0.0975	0.043	0.025	4.250	8.133	3.491	-3.864E-13	0.1165	0.050	-5.551E-15	4.250	5.760	2.793	-2.487E-13	0.0825	0.040	-3.539E-15	4.250	8.535	3.491	1.745	0.1222	0.050	0.025	4.250	7.051	3.142	-3.553E-13	0.1010	0.045	-5.204E-15
4.300	6.964	3.142	1.745	0.0998	0.045	0.025	4.300	8.308	3.316	-1.745	0.1190	0.047	-0.025	4.300	5.899	2.793	1.745	0.0845	0.040	0.025	4.300	8.709	3.491	-3.109E-13	0.1247	0.050	-3.053E-15	4.300	7.208	2.967	-1.745	0.1032	0.042	-0.025
4.350	7.121	3.142	1.910E-13	0.1020	0.045	2.637E-15	4.350	8.465	3.316	1.745	0.1212	0.047	0.025	4.350	6.039	2.967	1.745	0.0865	0.042	0.025	4.350	8.884	3.491	3.109E-13	0.1272	0.050	4.441E-15	4.350	7.348	2.967	1.745	0.1052	0.042	0.025
4.400	7.278	3.142	3.686E-13	0.1042	0.045	5.412E-15	4.400	8.639	3.491	1.745	0.1237	0.050	0.025	4.400	6.196	2.967	-1.745	0.0887	0.043	-0.025	4.400	9.058	3.491	3.109E-13	0.1298	0.050	4.441E-15	4.400	7.505	3.142	1.745	0.1075	0.045	0.025
4.450	7.435	3.142	8.882E-14	0.1065	0.045	1.388E-15	4.450	8.814	3.491	0.000	0.1262	0.050	0.000	4.450	6.336	2.793	0.000	0.0907	0.040	1.388E-15	4.450	9.233	3.491	0.000	0.1322	0.050	0.000	4.450	7.662	3.142	0.000	0.1097	0.045	0.000
4.500	7.592	3.142	-3.686E-13	0.1087	0.045	-4.025E-15	4.500	8.988	3.491	-3.109E-13	0.1288	0.050	-4.441E-15	4.500	6.475	2.967	1.745	0.0927	0.043	0.025	4.500	9.407	3.491	1.745	0.1348	0.050	0.025	4.500	7.819	3.142	-3.686E-13	0.1120	0.045	-4.025E-15
4.550	7.749	3.142	-4.574E-13	0.1110	0.045	-4.025E-15	4.550	9.163	3.491	1.745	0.1312	0.050	0.025	4.550	6.632	2.967	-2.665E-13	0.0950	0.042	-3.816E-15	4.550	9.582	3.665	1.745	0.1372	0.052	0.025	4.550	7.976	3.142	1.745	0.1143	0.045	0.025
4.600	7.906	3.142	1.745	0.1133	0.045	0.025	4.600	9.338	3.665	1.745	0.1338	0.052	0.025	4.600	6.772	2.967	1.745	0.0970	0.042	0.025	4.600	9.774	3.665	5.018E-13	0.1400	0.052	1.874E-15	4.600	8.133	3.316	1.745	0.1165	0.047	0.025
4.650	8.063	3.316	1.745	0.1155	0.048	0.025	4.650	9.529	3.665	3.242E-13	0.1365	0.053	4.649E-15	4.650	6.929	3.142	1.745	0.0992	0.045	0.025	4.650	9.948	3.665	1.465E-13	0.1425	0.052	1.874E-15	4.650	8.308	3.316	-1.745	0.1190	0.048	-0.025
4.700	8.238	3.316	-3.864E-13	0.1180	0.048	-5.551E-15	4.700	9.704	3.665	-5.018E-13	0.1390	0.053	-7.425E-15	4.700	7.086	3.142	-1.745	0.1015	0.045	-0.025	4.700	10.140	3.665	-3.242E-13	0.1452	0.052	-1.874E-15	4.700	8.465	3.142	-1.199E-13	0.1212	0.045	-2.776E-15
4.750	8.395	3.316	-4.752E-13	0.1202	0.047	-2.776E-15	4.750	9.896	3.665	-5.018E-13	0.1418	0.052	-7.425E-15	4.750	7.243	2.967	-1.745	0.1038	0.042	-0.025	4.750	10.315	3.665	1.745	0.1477	0.052	0.025	4.750	8.622	3.316	1.745	0.1235	0.047	0.025
4.800	8.570	3.316	4.752E-13	0.1227	0.047	5.551E-15	4.800	10.071	3.665	1.745	0.1442	0.052	0.025	4.800	7.383	2.967	3.491	0.1057	0.042	0.050	4.800	10.507	3.840	1.745	0.1505	0.055	0.025	4.800	8.796	3.316	1.199E-13	0.1260	0.047	4.163E-15
4.850	8.727	3.316	1.745	0.1250	0.048	0.025	4.850	10.263	3.840	1.745	0.1470	0.055	0.025	4.850	7.540	3.316	3.491	0.1080	0.048	0.050	4.850	10.699	3.840	1.643E-13	0.1532	0.055	4.857E-15	4.850	8.954	3.316	1.745	0.1282	0.048	0.025
4.900	8.901	3.491	1.745	0.1275	0.050	0.025	4.900	10.455	3.840	-1.776E-13	0.1497	0.055	0.000	4.900	7.714	3.316	-1.745	0.1105	0.048	-0.025	4.900	10.891	3.840	0.000	0.1560	0.055	0.000	4.900	9.128	3.491	1.745	0.1308	0.050	0.025
4.950	9.076	3.491	-3.109E-13	0.1300	0.050	-4.441E-15	4.950	10.647	3.840	-5.196E-13	0.1525	0.055	-4.857E-15	4.950	7.871	3.142	-1.745	0.1127	0.045	-0.025	4.950	11.083	3.840	-3.419E-13	0.1588	0.055	-4.857E-15	4.950	9.303	3.491	-3.109E-13	0.1332	0.050	-4.441E-15
5.000	9.250	3.491	-3.109E-13	0.1325	0.050	-4.441E-15	5.000	10.838	3.840	-3.419E-13	0.1552	0.055	-4.857E-15	5.000	8.029	3.142	1.745	0.1150	0.045	0.025	5.000	11.275	3.840	1.745	0.1615	0.055	0.025	5.000	9.477	3.491	-3.109E-13	0.1358	0.050	-4.441E-15
5.050	9.425	3.491	3.109E-13	0.1350	0.050	4.441E-15	5.050	11.030	3.840	1.745	0.1580	0.055	0.025	5.050	8.186	3.316	1.745	0.1173	0.047	0.025	5.050	11.467	4.014	1.745	0.1642	0.057	0.025	5.050	9.652	3.491	3.109E-13	0.1383	0.050	4.441E-15
5.100	9.599	3.491	3.109E-13	0.1375	0.050	4.441E-15	5.100	11.222	4.014	1.745	0.1608	0.058	0.025	5.100	8.360	3.316	1.199E-13	0.1197	0.048	2.776E-15	5.100	11.676	4.014	3.553E-13	0.1673	0.058	5.065E-15	5.100	9.826	3.491	3.109E-13	0.1408	0.050	1.665E-15
5.150	9.774	3.491	1.745	0.1400	0.050	0.025	5.150	11.432	4.014	0.000	0.1637	0.058	0.000	5.150	8.517	3.316	1.745	0.1220	0.048	0.025	5.150	11.868	4.014	1.745	0.1700	0.058	0.025	5.150	10.001	3.491	0.000	0.1433	0.050	-2.776E-15
5.200	9.948	3.665	1.745	0.1425	0.052	0.025	5.200	11.624	4.014	-3.553E-13	0.1665	0.058	-5.065E-15	5.200	8.692	3.491	-2.975E-13	0.1245	0.050	-2.776E-15	5.200	12.078	4.189	-3.553E-13	0.1730	0.060	-7.841E-15	5.200	10.175	3.491	1.745	0.1457	0.050	0.025
5.250	10.140	3.665	-3.242E-13	0.1452	0.052	-1.874E-15	5.250	11.833	4.014	-3.553E-13	0.1695	0.057	-5.065E-15	5.250	8.866	3.316	-1.745	0.1270	0.047	-0.025	5.250	12.287	4.014	-1.745	0.1760	0.057	-0.025	5.250	10.350	3.665	1.745	0.1482	0.052	0.025
5.300	10.315	3.665	5.018E-13	0.1477	0.052	7.425E-15	5.300	12.025	4.014	1.745	0.1723	0.057	0.025	5.300	9.023	3.316	1.745	0.1292	0.047	0.025	5.300	12.479	4.014	1.745	0.1787	0.057	0.025	5.300	10.542	3.665	1.465E-13	0.1510	0.052	4.649E-15
5.350	10.507	3.665	1.465E-13	0.1505	0.053	4.649E-15	5.350	12.235	4.189	1.745	0.1753	0.060	0.025	5.350	9.198	3.491	1.745	0.1318	0.050	0.025	5.350	12.689	4.189	1.745	0.1817	0.060	0.025	5.350	10.716	3.665	5.018E-13	0.1535	0.053	4.649E-15
5.400	10.681	3.665	1.745	0.1530	0.053	0.025	5.400	12.444	4.189	-1.776E-13	0.1782	0.060	2.776E-15	5.400	9.372	3.491	1.745	0.1342	0.050	0.025	5.400	12.898	4.189	-1.776E-13	0.1847	0.060	0.000	5.400	10.908	3.665	1.776E-13	0.1562	0.053	0.000
5.450	10.873	3.840	1.745	0.1557	0.055	0.025	5.450	12.654	4.189	-5.507E-13	0.1812	0.060	-2.567E-15	5.450	9.547	3.665	1.745	0.1368	0.053	0.025	5.450	13.107	4.189	-1.954E-13	0.1877	0.060	-5.343E-15	5.450	11.083	3.665	1.745	0.1588	0.053	0.025
5.500	11.065	3.840	-1.643E-13	0.1585	0.055	-4.857E-15	5.500	12.863	4.189	-1.954E-13	0.1842	0.060	-5.343E-15	5.500	9.739	3.665	-1.745	0.1395	0.052	-0.025	5.500	13.317	4.189	-1.954E-13	0.1907	0.060	-5.343E-15	5.500	11.275	3.840	1.745	0.1615	0.055	0.025
5.550	11.257	3.840	1.643E-13	0.1612	0.055	4.857E-15	5.550	13.073	4.189	5.507E-13	0.1873	0.060	5.343E-15	5.550	9.913	3.491	5.018E-13	0.1420	0.050	1.874E-15	5.550	13.526	4.189	1.745	0.1937	0.060	0.025	5.550	11.467	3.840	5.196E-13	0.1642	0.055	4.857E-15
5.600	11.449	3.840	1.643E-13	0.1640	0.055	4.857E-15	5.600	13.282	4.189	1.745	0.1903	0.060	0.025	5.600	10.088	3.665	1.745	0.1445	0.052	0.025	5.600	13.736	4.363	1.745	0.1967	0.063	0.025	5.600	11.659	3.840	5.196E-13	0.1670	0.055	4.857E-15
5.650	11.641	3.840	1.745	0.1668	0.055	0.025	5.650	13.491	4.363	1.745	0.1933	0.063	0.025	5.650	10.280	3.665	0.000	0.1472	0.053	2.776E-15	5.650	13.963	4.363	1.776E-13	0.2000	0.063	0.000	5.650	11.851	3.840	1.745	0.1697	0.055	0.025
5.700	11.833	4.014	1.745	0.1695	0.058	0.025	5.700	13.718	4.363	-3.819E-13	0.1965	0.063	-5.551E-15	5.700	10.455	3.665	1.745	0.1497	0.053	0.025	5.700	14.172	4.363	-3.819E-13	0.2030	0.063	-8.327E-15	5.700	12.043	4.014	1.745	0.1725	0.058	0.025
5.750	12.043	4.014	-3.553E-13	0.1725	0.057	-7.841E-15	5.750	13.928	4.363	1.745	0.1995	0.062	0.025	5.750	10.647	3.840	1.745	0.1525	0.055	0.025	5.750	14.399	4.363	-5.596E-13	0.2063	0.062	-8.327E-15	5.750	12.252	4.014	-1.745	0.1755	0.057	-0.025
5.800	12.235	4.014	3.553E-13	0.1753	0.057	2.290E-15	5.800	14.155	4.538	5.596E-13	0.2028	0.065	2.776E-15	5.800	10.838	3.840	3.419E-13	0.1552	0.055	4.857E-15	5.800	14.608	4.363	1.745	0.2092	0.062	0.025	5.800	12.444	3.840	3.553E-13	0.1782	0.055	7.841E-15
5.850	12.444	4.014	3.553E-13	0.1782	0.057	7.841E-15	5.850	14.382	4.363	-1.745	0.2060	0.062	-0.025	5.850	11.030	3.840	3.419E-13	0.1580	0.055	4.857E-15	5.850	14.835	4.538	1.745	0.2125	0.065	0.025	5.850	12.636	4.014	3.491	0.1810	0.058	0.050
5.900	12.636	4.014	1.745	0.1810	0.058	0.025	5.900	14.591	4.363	1.745	0.2090	0.062	0.025	5.900	11.222	3.840	1.776E-13	0.1608	0.055	0.000	5.900	15.062	4.538	0.000	0.2157	0.065	0.000	5.900	12.846	4.189	0.000	0.1840	0.060	0.000
5.950	12.846	4.189	1.745	0.1840	0.060	0.025	5.950	14.818	4.538	1.745	0.2122	0.065	0.025	5.950	11.414	3.840	-1.643E-13	0.1635	0.055	-4.857E-15	5.950	15.289	4.538	-3.997E-13	0.2190	0.065	-5.829E-15	5.950	13.055	4.014	-1.745	0.1870	0.058	-0.025
6.000	13.055	4.189	-1.954E-13	0.1870	0.060	-5.343E-15	6.000	15.045	4.538	-3.997E-13	0.2155	0.065	-5.829E-15	6.000	11.606	3.840	1.745	0.1663	0.055	0.025	6.000	15.516	4.538	-3.997E-13	0.2222	0.065	-5.829E-15	6.000	13.247	4.014	1.745	0.1897	0.057	0.025
6.050	13.265	4.189	5.507E-13	0.1900	0.060	5.343E-15	6.050	15.272	4.538	1.745	0.2187	0.065	0.025	6.050	11.798	4.014	1.745	0.1690	0.057	0.025	6.050	15.743	4.538	3.997E-13	0.2255	0.065	5.829E-15	6.050	13.456	4.189	1.745	0.1927	0.060	0.025
6.100	13.474	4.189	3.730E-13	0.1930	0.060	5.343E-15	6.100	15.499	4.712	1.745	0.2220	0.068	0.025	6.100	12.008	4.014	5.329E-13	0.1720	0.058	2.290E-15	6.100	15.970	4.538	1.745	0.2288	0.065	0.025	6.100	13.666	4.189	5.507E-13	0.1958	0.060	5.343E-15
6.150	13.683	4.189	0.000	0.1960	0.060	0.000	6.150	15.743	4.712	-1.745	0.2255	0.068	-0.025	6.150	12.200	4.014	0.000	0.1748	0.057	-2.776E-15	6.150	16.197	4.712	1.745	0.2320	0.068	0.025	6.150	13.875	4.189	0.000	0.1987	0.060	0.000
6.200	13.893	4.189	1.745	0.1990	0.060	0.025	6.200	15.970	4.538	-4.174E-13	0.2288	0.065	-5.967E-15	6.200	12.409	4.014	-3.553E-13	0.1777	0.057	-2.290E-15	6.200	16.441	4.712	-2.398E-13	0.2355	0.068	-8.743E-15	6.200	14.085	4.189	-5.507E-13	0.2018	0.060	-5.343E-15
6.250	14.102	4.363	1.745	0.2020	0.062	0.025	6.250	16.197	4.712	3.491	0.2320	0.067	0.050	6.250	12.601	4.014	1.745	0.1805	0.057	0.025	6.250	16.668	4.712	1.745	0.2387	0.067	0.025	6.250	14.294	4.189	-5.507E-13	0.2048	0.060	-8.119E-15
6.300	14.329	4.363	-1.745	0.2052	0.062	-0.025	6.300	16.441	4.887	1.745	0.2355	0.070	0.025	6.300	12.811	4.189	1.745	0.1835	0.060	0.025	6.300	16.912	4.887	4.174E-13	0.2423	0.070	8.743E-15	6.300	14.504	4.189	1.745	0.2078	0.060	0.025
6.350	14.539	4.189	3.819E-13	0.2082	0.060	8.327E-15	6.350	16.685	4.887	-1.745	0.2390	0.070	-0.025	6.350	13.020	4.189	5.507E-13	0.1865	0.060	5.343E-15	6.350	17.157	4.712	-1.745	0.2457	0.068	-0.025	6.350	14.713	4.363	1.745	0.2107	0.062	0.025
6.400	14.748	4.363	3.491	0.2112	0.063	0.050	6.400	16.930	4.712	-1.745	0.2425	0.068	-0.025	6.400	13.230	4.189	0.000	0.1895	0.060	0.000	6.400	17.383	4.712	1.745	0.2490	0.068	0.025	6.400	14.940	4.363	-1.776E-13	0.2140	0.063	2.776E-15
6.450	14.975	4.538	-3.819E-13	0.2145	0.065	-5.551E-15	6.450	17.157	4.712	3.491	0.2457	0.068	0.050	6.450	13.439	4.189	-5.507E-13	0.1925	0.060	-5.343E-15	6.450	17.628	4.887	1.745	0.2525	0.070	0.025	6.450	15.149	4.363	-5.596E-13	0.2170	0.063	-5.551E-15
6.500	15.202	4.363	-1.745	0.2177	0.062	-0.025	6.500	17.401	5.061	3.491	0.2492	0.072	0.050	6.500	13.648	4.189	-5.507E-13	0.1955	0.060	-5.343E-15	6.500	17.872	4.887	-4.352E-13	0.2560	0.070	-6.245E-15	6.500	15.376	4.363	-3.819E-13	0.2202	0.062	-5.551E-15
6.550	15.411	4.363	1.745	0.2208	0.062	0.025	6.550	17.663	5.061	-1.745	0.2530	0.072	-0.025	6.550	13.858	4.189	1.745	0.1985	0.060	0.025	6.550	18.117	4.887	1.745	0.2595	0.070	0.025	6.550	15.586	4.363	1.745	0.2233	0.062	0.025
6.600	15.638	4.538	1.745	0.2240	0.065	0.025	6.600	17.907	4.887	-1.745	0.2565	0.070	-0.025	6.600	14.067	4.363	1.745	0.2015	0.063	0.025	6.600	18.361	5.061	1.745	0.2630	0.073	0.025	6.600	15.813	4.538	1.745	0.2265	0.065	0.025
6.650	15.865	4.538	0.000	0.2273	0.065	0.000	6.650	18.151	4.887	1.745	0.2600	0.070	0.025	6.650	14.294	4.363	-1.776E-13	0.2048	0.063	-2.776E-15	6.650	18.623	5.061	-1.745	0.2667	0.073	-0.025	6.650	16.040	4.538	-1.776E-13	0.2298	0.065	0.000
6.700	16.092	4.538	-5.773E-13	0.2305	0.065	-5.829E-15	6.700	18.396	5.061	1.745	0.2635	0.073	0.025	6.700	14.504	4.363	-2.043E-13	0.2078	0.062	-8.327E-15	6.700	18.867	4.887	-7.994E-13	0.2702	0.070	-9.714E-16	6.700	16.266	4.538	-2.220E-13	0.2330	0.065	-5.829E-15
6.750	16.319	4.538	-2.220E-13	0.2338	0.065	-8.604E-15	6.750	18.658	5.061	-7.994E-13	0.2673	0.072	-9.714E-16	6.750	14.731	4.363	-3.819E-13	0.2110	0.062	-2.776E-15	6.750	19.111	5.061	1.745	0.2737	0.072	0.025	6.750	16.493	4.538	-4.441E-14	0.2362	0.065	-8.604E-15
6.800	16.546	4.538	7.550E-13	0.2370	0.065	3.053E-15	6.800	18.902	5.061	1.745	0.2707	0.072	0.025	6.800	14.940	4.363	1.745	0.2140	0.062	0.025	6.800	19.373	5.061	4.441E-13	0.2775	0.072	9.714E-16	6.800	16.720	4.538	1.745	0.2395	0.065	0.025
6.850	16.773	4.538	1.745	0.2403	0.065	0.025	6.850	19.164	5.236	1.745	0.2745	0.075	0.025	6.850	15.167	4.538	1.745	0.2173	0.065	0.025	6.850	19.617	5.061	1.745	0.2810	0.073	0.025	6.850	16.947	4.712	1.745	0.2427	0.068	0.025
6.900	17.000	4.712	1.745	0.2435	0.068	0.025	6.900	19.426	5.236	0.000	0.2782	0.075	0.000	6.900	15.394	4.538	0.000	0.2205	0.065	0.000	6.900	19.879	5.236	3.553E-13	0.2847	0.075	0.000	6.900	17.191	4.712	3.553E-13	0.2463	0.068	2.776E-15
6.950	17.244	4.712	-6.217E-14	0.2470	0.068	-3.192E-15	6.950	19.687	5.236	-4.619E-13	0.2820	0.075	-1.221E-14	6.950	15.621	4.538	-2.220E-13	0.2237	0.065	-5.829E-15	6.950	20.141	5.061	-1.745	0.2885	0.073	-0.025	6.950	17.418	4.712	-7.727E-13	0.2495	0.068	-8.743E-15
7.000	17.471	4.712	1.745	0.2503	0.067	0.025	7.000	19.949	5.236	-8.171E-13	0.2858	0.075	-6.661E-15	7.000	15.848	4.538	-3.997E-13	0.2270	0.065	-5.829E-15	7.000	20.385	5.061	1.745	0.2920	0.072	0.025	7.000	17.663	4.712	-4.174E-13	0.2530	0.067	-8.743E-15
7.050	17.715	4.887	1.745	0.2538	0.070	0.025	7.050	20.211	5.236	1.066E-13	0.2895	0.075	1.221E-14	7.050	16.074	4.538	4.441E-14	0.2302	0.065	5.829E-15	7.050	20.647	5.236	1.745	0.2958	0.075	0.025	7.050	17.890	4.712	1.745	0.2562	0.067	0.025
7.100	17.959	4.887	4.352E-13	0.2572	0.070	1.180E-14	7.100	20.473	5.236	8.171E-13	0.2932	0.075	6.661E-15	7.100	16.301	4.538	1.745	0.2335	0.065	0.025	7.100	20.909	5.236	1.066E-13	0.2995	0.075	6.661E-15	7.100	18.134	4.887	1.745	0.2597	0.070	0.025
7.150	18.204	4.887	0.000	0.2607	0.070	5.551E-15	7.150	20.735	5.236	1.745	0.2970	0.075	0.025	7.150	16.528	4.712	1.745	0.2368	0.068	0.025	7.150	21.171	5.236	3.553E-13	0.3033	0.075	0.000	7.150	18.378	4.887	3.553E-13	0.2633	0.070	0.000
7.200	18.448	4.887	-4.352E-13	0.2642	0.070	-6.245E-15	7.200	20.996	5.411	1.745	0.3008	0.078	0.025	7.200	16.773	4.712	-7.727E-13	0.2403	0.068	-3.192E-15	7.200	21.433	5.236	1.745	0.3070	0.075	0.025	7.200	18.623	4.887	-4.352E-13	0.2667	0.070	-6.245E-15
7.250	18.692	4.887	-4.352E-13	0.2677	0.070	-6.245E-15	7.250	21.276	5.411	-4.796E-13	0.3048	0.077	-1.249E-14	7.250	17.000	4.712	-4.174E-13	0.2435	0.067	-4.163E-16	7.250	21.694	5.411	1.745	0.3108	0.077	0.025	7.250	18.867	4.887	-7.905E-13	0.2702	0.070	-6.245E-15
7.300	18.937	4.887	1.745	0.2713	0.070	0.025	7.300	21.537	5.411	4.796E-13	0.3085	0.077	1.249E-14	7.300	17.244	4.712	7.727E-13	0.2470	0.067	8.743E-15	7.300	21.974	5.411	8.349E-13	0.3148	0.077	1.388E-15	7.300	19.111	4.887	4.352E-13	0.2737	0.070	6.245E-15
7.350	19.181	5.061	1.745	0.2747	0.073	0.025	7.350	21.817	5.411	8.349E-13	0.3125	0.078	6.939E-15	7.350	17.471	4.712	1.745	0.2503	0.068	0.025	7.350	22.235	5.411	4.796E-13	0.3185	0.078	6.939E-15	7.350	19.356	4.887	4.352E-13	0.2772	0.070	6.245E-15
7.400	19.443	5.061	3.553E-13	0.2785	0.073	-5.551E-15	7.400	22.078	5.411	1.745	0.3163	0.078	0.025	7.400	17.715	4.887	1.745	0.2538	0.070	0.025	7.400	22.515	5.411	-3.553E-13	0.3225	0.078	0.000	7.400	19.600	4.887	1.745	0.2807	0.070	0.025
7.450	19.687	5.061	-7.994E-13	0.2820	0.073	-1.207E-14	7.450	22.358	5.585	1.745	0.3202	0.080	0.025	7.450	17.959	4.887	-4.352E-13	0.2572	0.070	-6.939E-16	7.450	22.777	5.411	1.745	0.3262	0.078	0.025	7.450	19.844	5.061	1.745	0.2842	0.073	0.025
7.500	19.949	5.061	-7.994E-13	0.2858	0.072	-6.523E-15	7.500	22.637	5.585	-8.527E-13	0.3242	0.080	-1.527E-15	7.500	18.204	4.887	-4.352E-13	0.2607	0.070	-6.939E-16	7.500	23.056	5.585	1.745	0.3302	0.080	0.025	7.500	20.106	5.061	-7.994E-13	0.2880	0.072	-1.207E-14
7.550	20.193	5.061	1.745	0.2892	0.072	0.025	7.550	22.916	5.585	4.974E-13	0.3282	0.080	7.078E-15	7.550	18.448	4.887	4.352E-13	0.2642	0.070	6.245E-15	7.550	23.335	5.585	1.421E-13	0.3342	0.080	7.078E-15	7.550	20.351	5.061	1.745	0.2915	0.072	0.025
7.600	20.455	5.236	7.994E-13	0.2930	0.075	1.207E-14	7.600	23.195	5.585	8.527E-13	0.3322	0.080	7.078E-15	7.600	18.692	4.887	1.745	0.2677	0.070	0.025	7.600	23.614	5.585	4.974E-13	0.3383	0.080	7.078E-15	7.600	20.612	5.236	4.441E-13	0.2953	0.075	6.523E-15
7.650	20.717	5.061	-1.745	0.2967	0.073	-0.025	7.650	23.475	5.585	1.745	0.3362	0.080	0.025	7.650	18.937	5.061	1.745	0.2713	0.073	0.025	7.650	23.894	5.585	3.553E-13	0.3423	0.080	0.000	7.650	20.874	5.061	-1.745	0.2990	0.073	-0.025
7.700	20.961	5.061	1.745	0.3003	0.073	0.025	7.700	23.754	5.760	1.745	0.3403	0.083	0.025	7.700	19.199	5.061	-7.994E-13	0.2750	0.073	-1.207E-14	7.700	24.173	5.585	-1.421E-13	0.3463	0.080	-7.078E-15	7.700	21.118	5.061	1.745	0.3025	0.073	0.025
7.750	21.223	5.236	1.745	0.3040	0.075	0.025	7.750	24.051	5.760	-5.151E-13	0.3445	0.082	-1.291E-14	7.750	19.443	5.061	-8.882E-14	0.2785	0.072	-1.207E-14	7.750	24.452	5.585	1.745	0.3503	0.080	0.025	7.750	21.380	5.236	1.745	0.3063	0.075	0.025
7.800	21.485	5.236	1.745	0.3078	0.075	0.025	7.800	24.330	5.760	1.745	0.3485	0.082	0.025	7.800	19.705	5.061	7.994E-13	0.2823	0.072	6.523E-15	7.800	24.731	5.760	1.745	0.3543	0.082	0.025	7.800	21.642	5.236	4.619E-13	0.3100	0.075	6.661E-15
7.850	21.747	5.411	1.745	0.3115	0.078	0.025	7.850	24.627	5.934	5.151E-13	0.3528	0.085	7.355E-15	7.850	19.949	5.061	1.745	0.2858	0.073	0.025	7.850	25.028	5.760	-1.745	0.3585	0.083	-0.025	7.850	21.904	5.236	4.619E-13	0.3138	0.075	1.110E-15
7.900	22.026	5.411	-1.745	0.3155	0.078	-0.025	7.900	24.923	5.760	-1.745	0.3570	0.083	-0.025	7.900	20.211	5.236	1.745	0.2895	0.075	0.025	7.900	25.307	5.585	-3.553E-13	0.3625	0.080	5.551E-15	7.900	22.166	5.236	1.745	0.3175	0.075	0.025
7.950	22.288	5.236	-4.796E-13	0.3193	0.075	-1.249E-14	7.950	25.203	5.760	1.745	0.3610	0.083	0.025	7.950	20.473	5.236	-1.745	0.2932	0.075	-0.025	7.950	25.587	5.760	3.491	0.3665	0.083	0.050	7.950	22.427	5.411	1.745	0.3212	0.078	0.025
8.000	22.550	5.411	1.745	0.3230	0.077	0.025	8.000	25.499	5.934	1.745	0.3653	0.085	0.025	8.000	20.735	5.061	-1.745	0.2970	0.072	-0.025	8.000	25.883	5.934	3.553E-13	0.3708	0.085	-5.551E-15	8.000	22.707	5.411	0.000	0.3252	0.077	5.551E-15
8.050	22.829	5.411	4.796E-13	0.3270	0.078	6.939E-15	8.050	25.796	5.934	5.329E-13	0.3695	0.085	7.633E-15	8.050	20.979	5.061	1.745	0.3005	0.073	0.025	8.050	26.180	5.760	-1.745	0.3750	0.083	-0.025	8.050	22.969	5.411	4.796E-13	0.3290	0.078	1.388E-15
8.100	23.091	5.411	1.745	0.3307	0.078	0.025	8.100	26.093	5.934	-1.057E-12	0.3738	0.085	-1.513E-14	8.100	21.241	5.236	3.491	0.3043	0.075	0.050	8.100	26.459	5.760	1.745	0.3790	0.083	0.025	8.100	23.248	5.411	-9.681E-13	0.3330	0.078	-1.929E-14
8.150	23.370	5.585	3.553E-13	0.3347	0.080	5.551E-15	8.150	26.389	5.934	0.000	0.3780	0.085	0.000	8.150	21.502	5.411	1.745	0.3080	0.077	0.025	8.150	26.756	5.934	1.745	0.3833	0.085	0.025	8.150	23.510	5.411	1.745	0.3367	0.077	0.025
8.200	23.649	5.411	-1.745	0.3387	0.078	-0.025	8.200	26.686	5.934	1.745	0.3823	0.085	0.025	8.200	21.782	5.411	-1.745	0.3120	0.078	-0.025	8.200	27.053	5.934	1.057E-12	0.3875	0.085	1.513E-14	8.200	23.789	5.585	1.745	0.3407	0.080	0.025
8.250	23.911	5.411	1.745	0.3425	0.078	0.025	8.250	26.983	6.109	1.745	0.3865	0.088	0.025	8.250	22.044	5.236	0.000	0.3158	0.075	-5.551E-15	8.250	27.349	5.934	0.000	0.3917	0.085	5.551E-15	8.250	24.068	5.585	3.553E-13	0.3447	0.080	0.000
8.300	24.190	5.585	1.745	0.3465	0.080	0.025	8.300	27.297	6.109	-3.553E-13	0.3910	0.088	0.000	8.300	22.305	5.411	1.745	0.3195	0.078	0.025	8.300	27.646	5.934	1.745	0.3960	0.085	0.025	8.300	24.347	5.585	-3.553E-13	0.3487	0.080	0.000
8.350	24.470	5.585	1.745	0.3505	0.080	0.025	8.350	27.594	6.109	-7.283E-13	0.3952	0.088	-9.992E-15	8.350	22.585	5.411	-9.681E-13	0.3235	0.078	-1.374E-14	8.350	27.943	6.109	1.745	0.4003	0.088	0.025	8.350	24.627	5.585	-1.341E-12	0.3528	0.080	-1.416E-14
8.400	24.749	5.760	1.745	0.3545	0.082	0.025	8.400	27.908	6.109	0.000	0.3997	0.087	5.551E-15	8.400	22.846	5.411	1.745	0.3272	0.077	0.025	8.400	28.257	6.109	-1.745	0.4048	0.087	-0.025	8.400	24.906	5.585	0.000	0.3568	0.080	0.000
8.450	25.045	5.760	-1.745	0.3588	0.083	-0.025	8.450	28.205	6.109	1.745	0.4040	0.088	0.025	8.450	23.126	5.585	9.681E-13	0.3312	0.080	1.929E-14	8.450	28.554	5.934	1.084E-12	0.4090	0.085	9.992E-15	8.450	25.185	5.585	1.341E-12	0.3608	0.080	1.416E-14
8.500	25.325	5.585	0.000	0.3628	0.080	-5.551E-15	8.500	28.519	6.283	1.745	0.4085	0.090	0.025	8.500	23.405	5.411	-1.745	0.3352	0.078	-0.025	8.500	28.850	6.109	1.745	0.4133	0.088	0.025	8.500	25.464	5.585	1.745	0.3648	0.080	0.025
8.550	25.604	5.760	3.491	0.3668	0.083	0.050	8.550	28.833	6.283	3.553E-13	0.4130	0.090	-5.551E-15	8.550	23.667	5.411	1.745	0.3390	0.078	0.025	8.550	29.164	6.109	3.553E-13	0.4177	0.088	0.000	8.550	25.744	5.760	1.745	0.3688	0.083	0.025
8.600	25.901	5.934	-1.377E-12	0.3710	0.085	-9.021E-15	8.600	29.147	6.283	-1.119E-12	0.4175	0.090	-1.041E-14	8.600	23.946	5.585	3.491	0.3430	0.080	0.050	8.600	29.461	6.109	1.745	0.4220	0.088	0.025	8.600	26.040	5.760	-1.021E-12	0.3730	0.083	-9.021E-15
8.650	26.197	5.760	-1.745	0.3753	0.082	-0.025	8.650	29.461	6.283	0.000	0.4220	0.090	5.551E-15	8.650	24.225	5.760	1.745	0.3470	0.082	0.025	8.650	29.775	6.283	1.745	0.4265	0.090	0.025	8.650	26.320	5.760	3.553E-13	0.3770	0.082	0.000
8.700	26.477	5.760	1.745	0.3793	0.083	0.025	8.700	29.775	6.283	1.745	0.4265	0.090	0.025	8.700	24.522	5.760	-1.745	0.3512	0.083	-0.025	8.700	30.089	6.283	7.638E-13	0.4310	0.090	1.596E-14	8.700	26.616	5.760	1.021E-12	0.3813	0.083	9.021E-15
8.750	26.773	5.934	1.745	0.3835	0.085	0.025	8.750	30.089	6.458	1.745	0.4310	0.093	0.025	8.750	24.801	5.585	-1.745	0.3552	0.080	-0.025	8.750	30.404	6.283	3.553E-13	0.4355	0.090	0.000	8.750	26.896	5.760	1.745	0.3852	0.083	0.025
8.800	27.070	5.934	0.000	0.3877	0.085	5.551E-15	8.800	30.421	6.458	0.000	0.4358	0.093	-5.551E-15	8.800	25.080	5.585	1.745	0.3592	0.080	0.025	8.800	30.718	6.283	3.553E-13	0.4400	0.090	0.000	8.800	27.192	5.934	1.745	0.3895	0.085	0.025
8.850	27.367	5.934	-1.057E-12	0.3920	0.085	-1.513E-14	8.850	30.735	6.458	-1.146E-12	0.4403	0.093	-2.207E-14	8.850	25.360	5.760	3.491	0.3633	0.083	0.050	8.850	31.032	6.283	-1.119E-12	0.4445	0.090	-1.596E-14	8.850	27.489	5.934	-1.057E-12	0.3937	0.085	-1.513E-14
8.900	27.663	5.934	0.000	0.3963	0.085	0.000	8.900	31.067	6.458	0.000	0.4450	0.092	0.000	8.900	25.656	5.934	0.000	0.3675	0.085	5.551E-15	8.900	31.346	6.283	0.000	0.4490	0.090	0.000	8.900	27.786	5.934	0.000	0.3980	0.085	0.000
8.950	27.960	5.934	1.057E-12	0.4005	0.085	1.513E-14	8.950	31.381	6.458	1.745	0.4495	0.093	0.025	8.950	25.953	5.760	-1.745	0.3717	0.083	-0.025	8.950	31.660	6.283	1.745	0.4535	0.090	0.025	8.950	28.082	5.934	1.057E-12	0.4022	0.085	1.513E-14
9.000	28.257	5.934	3.553E-13	0.4048	0.085	0.000	9.000	31.713	6.632	1.745	0.4543	0.095	0.025	9.000	26.232	5.760	1.745	0.3758	0.083	0.025	9.000	31.974	6.458	1.745	0.4580	0.093	0.025	9.000	28.379	5.934	0.000	0.4065	0.085	0.000
9.050	28.554	5.934	1.745	0.4090	0.085	0.025	9.050	32.044	6.632	-1.745	0.4590	0.095	-0.025	9.050	26.529	5.934	3.553E-13	0.3800	0.085	0.000	9.050	32.306	6.458	0.000	0.4628	0.093	5.551E-15	9.050	28.676	5.934	0.000	0.4107	0.085	0.000
9.100	28.850	6.109	1.745	0.4133	0.088	0.025	9.100	32.376	6.458	-1.745	0.4637	0.093	-0.025	9.100	26.826	5.760	-1.745	0.3842	0.083	-0.025	9.100	32.620	6.458	-1.146E-12	0.4673	0.093	-1.096E-14	9.100	28.972	5.934	1.745	0.4150	0.085	0.025
9.150	29.164	6.109	3.553E-13	0.4177	0.087	0.000	9.150	32.690	6.458	3.491	0.4682	0.092	0.050	9.150	27.105	5.760	1.745	0.3883	0.082	0.025	9.150	32.952	6.458	0.000	0.4720	0.092	-5.551E-15	9.150	29.269	6.109	1.745	0.4192	0.087	0.025
9.200	29.461	6.109	1.084E-12	0.4220	0.088	2.109E-14	9.200	33.022	6.807	3.491	0.4730	0.098	0.050	9.200	27.402	5.934	3.491	0.3925	0.085	0.050	9.200	33.266	6.458	1.146E-12	0.4765	0.093	1.096E-14	9.200	29.583	6.109	1.439E-12	0.4238	0.088	1.554E-14
9.250	29.775	6.109	-3.553E-13	0.4265	0.088	5.551E-15	9.250	33.371	6.807	-1.745	0.4780	0.098	-0.025	9.250	27.698	6.109	1.745	0.3967	0.088	0.025	9.250	33.598	6.458	0.000	0.4812	0.093	0.000	9.250	29.880	6.109	1.745	0.4280	0.088	0.025
9.300	30.072	6.109	1.745	0.4307	0.088	0.025	9.300	33.702	6.632	-1.745	0.4828	0.095	-0.025	9.300	28.013	6.109	-1.745	0.4012	0.088	-0.025	9.300	33.912	6.458	1.745	0.4858	0.093	0.025	9.300	30.194	6.283	-3.553E-13	0.4325	0.090	5.551E-15
9.350	30.386	6.283	1.745	0.4352	0.090	0.025	9.350	34.034	6.632	1.745	0.4875	0.095	0.025	9.350	28.309	5.934	-1.745	0.4055	0.085	-0.025	9.350	34.243	6.632	1.745	0.4905	0.095	0.025	9.350	30.508	6.109	-1.745	0.4370	0.088	-0.025
9.400	30.700	6.283	0.000	0.4398	0.090	-5.551E-15	9.400	34.366	6.807	1.745	0.4923	0.097	0.025	9.400	28.606	5.934	1.745	0.4097	0.085	0.025	9.400	34.575	6.632	0.000	0.4953	0.095	0.000	9.400	30.805	6.109	1.745	0.4413	0.087	0.025
9.450	31.014	6.283	1.119E-12	0.4443	0.090	1.041E-14	9.450	34.715	6.807	1.918E-12	0.4972	0.098	1.180E-14	9.450	28.903	6.109	1.745	0.4140	0.088	0.025	9.450	34.907	6.632	1.181E-12	0.5000	0.095	2.234E-14	9.450	31.119	6.283	1.745	0.4458	0.090	0.025
9.500	31.329	6.283	-1.474E-12	0.4487	0.090	-1.041E-14	9.500	35.046	6.807	-4.974E-13	0.5020	0.098	-1.180E-14	9.500	29.217	6.109	-7.283E-13	0.4185	0.088	-9.992E-15	9.500	35.238	6.632	1.745	0.5048	0.095	0.025	9.500	31.433	6.283	-1.119E-12	0.4503	0.090	-1.041E-14
9.550	31.643	6.283	1.745	0.4532	0.090	0.025	9.550	35.395	6.807	-7.105E-13	0.5070	0.097	5.551E-15	9.550	29.514	6.109	1.745	0.4227	0.087	0.025	9.550	35.570	6.807	1.745	0.5095	0.097	0.025	9.550	31.748	6.283	0.000	0.4548	0.090	5.551E-15
9.600	31.957	6.458	1.745	0.4577	0.093	0.025	9.600	35.727	6.807	1.745	0.5118	0.098	0.025	9.600	29.828	6.283	1.745	0.4272	0.090	0.025	9.600	35.919	6.807	4.974E-13	0.5145	0.097	2.845E-14	9.600	32.062	6.283	1.119E-12	0.4592	0.090	1.596E-14
9.650	32.289	6.458	0.000	0.4625	0.093	-5.551E-15	9.650	36.076	6.981	1.745	0.5168	0.100	0.025	9.650	30.142	6.283	-3.553E-13	0.4318	0.090	0.000	9.650	36.250	6.807	-7.105E-13	0.5192	0.098	1.110E-14	9.650	32.376	6.283	1.745	0.4637	0.090	0.025
9.700	32.603	6.458	-3.553E-13	0.4670	0.093	-5.551E-15	9.700	36.425	6.981	7.105E-13	0.5217	0.100	0.000	9.700	30.456	6.283	3.553E-13	0.4363	0.090	0.000	9.700	36.600	6.807	0.000	0.5243	0.098	0.000	9.700	32.690	6.458	1.745	0.4682	0.093	0.025
9.750	32.934	6.458	-1.146E-12	0.4717	0.093	-1.651E-14	9.750	36.774	6.981	-1.954E-12	0.5268	0.100	-1.776E-14	9.750	30.770	6.283	-7.638E-13	0.4408	0.090	-2.151E-14	9.750	36.931	6.807	1.745	0.5290	0.098	0.025	9.750	33.022	6.458	-1.745	0.4730	0.093	-0.025
9.800	33.249	6.458	1.745	0.4762	0.092	0.025	9.800	37.123	6.981	1.745	0.5318	0.100	0.025	9.800	31.084	6.283	0.000	0.4453	0.090	-5.551E-15	9.800	37.280	6.981	7.105E-13	0.5340	0.100	0.000	9.800	33.336	6.283	0.000	0.4775	0.090	-5.551E-15
9.850	33.580	6.632	1.146E-12	0.4810	0.095	2.207E-14	9.850	37.472	7.156	1.745	0.5368	0.103	0.025	9.850	31.398	6.283	7.638E-13	0.4497	0.090	2.151E-14	9.850	37.629	6.807	-1.745	0.5390	0.098	-0.025	9.850	33.650	6.458	1.745	0.4820	0.093	0.025
9.900	33.912	6.458	-1.745	0.4858	0.093	-0.025	9.900	37.839	7.156	-1.745	0.5420	0.103	-0.025	9.900	31.713	6.283	1.745	0.4543	0.090	0.025	9.900	37.961	6.807	1.745	0.5438	0.097	0.025	9.900	33.982	6.458	0.000	0.4868	0.093	0.000
9.950	34.226	6.458	1.745	0.4903	0.093	0.025	9.950	38.188	6.981	-7.105E-13	0.5470	0.100	0.000	9.950	32.027	6.458	1.745	0.4588	0.093	0.025	9.950	38.310	6.981	1.745	0.5487	0.100	0.025	9.950	34.296	6.458	-7.105E-13	0.4913	0.093	0.000
10.000	34.558	6.632	1.745	0.4950	0.095	0.025	10.000	38.537	7.156	1.745	0.5520	0.103	0.025	10.000	32.358	6.458	-7.905E-13	0.4635	0.093	-2.207E-14	10.000	38.659	6.981	-5.329E-13	0.5537	0.100	-6.661E-15	10.000	34.627	6.458	-1.146E-12	0.4960	0.093	-1.651E-14
10.050	34.889	6.632	0.000	0.4998	0.095	-5.551E-15	10.050	38.903	7.156	7.105E-13	0.5573	0.102	0.000	10.050	32.673	6.458	0.000	0.4680	0.092	-5.551E-15	10.050	39.008	6.981	7.105E-13	0.5587	0.100	0.000	10.050	34.941	6.458	1.745	0.5005	0.092	0.025
10.100	35.221	6.632	1.745	0.5045	0.095	0.025	10.100	39.252	7.156	1.745	0.5623	0.103	0.025	10.100	33.004	6.458	1.146E-12	0.4727	0.093	1.651E-14	10.100	39.357	6.981	1.745	0.5637	0.100	0.025	10.100	35.273	6.632	1.745	0.5052	0.095	0.025
10.150	35.552	6.807	1.745	0.5092	0.097	0.025	10.150	39.619	7.330	1.745	0.5675	0.105	0.025	10.150	33.318	6.458	1.745	0.4772	0.093	0.025	10.150	39.706	7.156	1.745	0.5687	0.103	0.025	10.150	35.605	6.632	0.000	0.5100	0.095	0.000
10.200	35.901	6.807	-1.745	0.5142	0.098	-0.025	10.200	39.985	7.330	-1.745	0.5727	0.105	-0.025	10.200	33.650	6.632	1.745	0.4820	0.095	0.025	10.200	40.073	7.156	-1.745	0.5740	0.103	-0.025	10.200	35.936	6.632	0.000	0.5148	0.095	-1.110E-14
10.250	36.233	6.632	-1.918E-12	0.5190	0.095	-1.735E-14	10.250	40.352	7.156	-1.745	0.5780	0.103	-0.025	10.250	33.982	6.632	-1.892E-12	0.4868	0.095	-1.679E-14	10.250	40.422	6.981	-1.981E-12	0.5790	0.100	-7.078E-15	10.250	36.268	6.632	-1.181E-12	0.5195	0.095	-5.690E-15
10.300	36.565	6.807	1.745	0.5238	0.097	0.025	10.300	40.701	7.156	3.491	0.5830	0.102	0.050	10.300	34.313	6.632	-7.105E-13	0.4915	0.095	0.000	10.300	40.771	7.156	3.491	0.5840	0.102	0.050	10.300	36.600	6.632	1.745	0.5243	0.095	0.025
10.350	36.914	6.807	1.208E-12	0.5288	0.097	6.245E-15	10.350	41.068	7.505	3.491	0.5883	0.108	0.050	10.350	34.645	6.632	1.181E-12	0.4963	0.095	1.679E-14	10.350	41.137	7.330	1.981E-12	0.5893	0.105	7.078E-15	10.350	36.931	6.807	1.745	0.5290	0.098	0.025
10.400	37.245	6.807	1.745	0.5335	0.097	0.025	10.400	41.452	7.505	-1.745	0.5937	0.107	-0.025	10.400	34.976	6.632	0.000	0.5010	0.095	5.551E-15	10.400	41.504	7.156	-1.745	0.5945	0.103	-0.025	10.400	37.280	6.807	7.105E-13	0.5340	0.098	0.000
10.450	37.594	6.981	1.745	0.5385	0.100	0.025	10.450	41.818	7.330	-1.745	0.5990	0.105	-0.025	10.450	35.308	6.632	0.000	0.5057	0.095	-5.551E-15	10.450	41.853	7.156	1.745	0.5995	0.103	0.025	10.450	37.612	6.807	7.105E-13	0.5388	0.098	-1.110E-14
10.500	37.943	6.981	-5.329E-13	0.5435	0.100	-1.776E-14	10.500	42.185	7.330	1.745	0.6043	0.105	0.025	10.500	35.640	6.632	1.745	0.5105	0.095	0.025	10.500	42.220	7.330	1.745	0.6048	0.105	0.025	10.500	37.961	6.807	-1.918E-12	0.5438	0.097	-2.845E-14
10.550	38.293	6.981	-7.105E-13	0.5485	0.100	0.000	10.550	42.551	7.505	3.491	0.6095	0.107	0.050	10.550	35.971	6.807	1.745	0.5152	0.097	0.025	10.550	42.586	7.330	0.000	0.6100	0.105	1.110E-14	10.550	38.293	6.807	-7.105E-13	0.5485	0.097	1.110E-14
10.600	38.642	6.981	5.329E-13	0.5535	0.100	1.776E-14	10.600	42.935	7.679	1.332E-12	0.6150	0.110	3.025E-14	10.600	36.320	6.807	1.918E-12	0.5202	0.098	2.845E-14	10.600	42.953	7.330	1.297E-12	0.6152	0.105	2.984E-14	10.600	38.642	6.807	1.208E-12	0.5535	0.098	2.845E-14
10.650	38.991	6.981	7.105E-13	0.5585	0.100	0.000	10.650	43.319	7.505	-1.745	0.6205	0.108	-0.025	10.650	36.652	6.807	7.105E-13	0.5250	0.098	0.000	10.650	43.319	7.330	1.745	0.6205	0.105	0.025	10.650	38.973	6.807	1.745	0.5583	0.098	0.025
10.700	39.340	6.981	1.745	0.5635	0.100	0.025	10.700	43.686	7.505	1.745	0.6258	0.107	0.025	10.700	37.001	6.807	-7.105E-13	0.5300	0.098	0.000	10.700	43.686	7.505	1.745	0.6258	0.107	0.025	10.700	39.322	6.981	1.745	0.5633	0.100	0.025
10.750	39.689	7.156	1.745	0.5685	0.103	0.025	10.750	44.070	7.679	1.745	0.6312	0.110	0.025	10.750	37.333	6.807	1.745	0.5348	0.098	0.025	10.750	44.070	7.505	-1.745	0.6312	0.108	-0.025	10.750	39.671	6.981	-1.954E-12	0.5682	0.100	-1.776E-14
10.800	40.055	7.156	-1.745	0.5737	0.102	-0.025	10.800	44.454	7.679	0.000	0.6368	0.110	0.000	10.800	37.682	6.981	1.745	0.5398	0.100	0.025	10.800	44.436	7.330	0.000	0.6365	0.105	-1.110E-14	10.800	40.020	6.981	-7.105E-13	0.5733	0.100	0.000
10.850	40.404	6.981	1.981E-12	0.5788	0.100	1.818E-14	10.850	44.838	7.679	1.368E-12	0.6423	0.110	1.957E-14	10.850	38.031	6.981	1.954E-12	0.5447	0.100	2.887E-14	10.850	44.803	7.505	1.745	0.6418	0.107	0.025	10.850	40.369	6.981	1.954E-12	0.5783	0.100	1.776E-14
10.900	40.753	7.156	3.491	0.5838	0.103	0.050	10.900	45.221	7.679	0.000	0.6478	0.110	0.000	10.900	38.380	6.981	-7.105E-13	0.5497	0.100	1.110E-14	10.900	45.187	7.505	0.000	0.6472	0.107	1.110E-14	10.900	40.719	6.981	7.105E-13	0.5833	0.100	0.000
10.950	41.120	7.330	0.000	0.5890	0.105	1.110E-14	10.950	45.605	7.679	0.000	0.6532	0.110	0.000	10.950	38.729	6.981	-7.105E-13	0.5548	0.100	0.000	10.950	45.553	7.505	0.000	0.6525	0.108	1.110E-14	10.950	41.068	6.981	-7.105E-13	0.5883	0.100	0.000
11.000	41.486	7.156	-1.745	0.5943	0.103	-0.025	11.000	45.989	7.679	1.745	0.6588	0.110	0.025	11.000	39.078	6.981	-5.329E-13	0.5597	0.100	-1.776E-14	11.000	45.937	7.505	-1.332E-12	0.6580	0.108	-1.915E-14	11.000	41.417	6.981	1.745	0.5933	0.100	0.025
11.050	41.836	7.156	1.745	0.5993	0.102	0.025	11.050	46.373	7.854	1.745	0.6642	0.112	0.025	11.050	39.427	6.981	1.745	0.5647	0.100	0.025	11.050	46.304	7.505	1.745	0.6633	0.107	0.025	11.050	41.766	7.156	1.745	0.5983	0.102	0.025
11.100	42.202	7.330	1.745	0.6045	0.105	0.025	11.100	46.775	7.854	-1.745	0.6700	0.113	-0.025	11.100	39.776	7.156	1.745	0.5697	0.103	0.025	11.100	46.688	7.679	1.745	0.6688	0.110	0.025	11.100	42.132	7.156	5.596E-13	0.6035	0.103	1.818E-14
11.150	42.569	7.330	-7.105E-13	0.6097	0.105	0.000	11.150	47.159	7.679	7.105E-13	0.6755	0.110	0.000	11.150	40.143	7.156	-1.745	0.5750	0.103	-0.025	11.150	47.072	7.679	-7.105E-13	0.6743	0.110	0.000	11.150	42.481	7.156	-7.105E-13	0.6085	0.103	0.000
11.200	42.935	7.330	0.000	0.6150	0.105	1.110E-14	11.200	47.543	7.854	3.491	0.6810	0.113	0.050	11.200	40.492	6.981	7.105E-13	0.5800	0.100	1.110E-14	11.200	47.455	7.679	0.000	0.6798	0.110	1.110E-14	11.200	42.848	7.156	7.105E-13	0.6137	0.103	0.000
11.250	43.302	7.330	1.745	0.6202	0.105	0.025	11.250	47.944	8.029	1.745	0.6867	0.115	0.025	11.250	40.841	7.156	3.491	0.5850	0.103	0.050	11.250	47.839	7.679	-1.368E-12	0.6852	0.110	-1.957E-14	11.250	43.197	7.156	1.745	0.6188	0.103	0.025
11.300	43.668	7.505	1.745	0.6255	0.107	0.025	11.300	48.346	8.029	-1.745	0.6925	0.115	-0.025	11.300	41.207	7.330	0.000	0.5903	0.105	-1.110E-14	11.300	48.223	7.679	0.000	0.6907	0.110	0.000	11.300	43.563	7.330	1.745	0.6240	0.105	0.025
11.350	44.052	7.505	-1.745	0.6310	0.107	-0.025	11.350	48.747	7.854	-1.745	0.6983	0.113	-0.025	11.350	41.574	7.156	-1.745	0.5955	0.103	-0.025	11.350	48.607	7.679	1.745	0.6963	0.110	0.025	11.350	43.930	7.330	1.297E-12	0.6292	0.105	2.984E-14
11.400	44.419	7.330	0.000	0.6362	0.105	1.110E-14	11.400	49.131	7.854	3.491	0.7038	0.113	0.050	11.400	41.923	7.156	1.745	0.6005	0.103	0.025	11.400	48.991	7.854	1.745	0.7017	0.113	0.025	11.400	44.296	7.330	0.000	0.6345	0.105	-1.110E-14
11.450	44.785	7.505	1.745	0.6415	0.108	0.025	11.450	49.532	8.203	3.491	0.7095	0.118	0.050	11.450	42.289	7.330	1.745	0.6057	0.105	0.025	11.450	49.393	7.854	0.000	0.7075	0.113	0.000	11.450	44.663	7.330	0.000	0.6398	0.105	-1.110E-14
11.500	45.169	7.505	-1.332E-12	0.6470	0.108	-1.915E-14	11.500	49.951	8.203	-1.745	0.7155	0.118	-0.025	11.500	42.656	7.330	-5.862E-13	0.6110	0.105	-7.633E-15	11.500	49.777	7.854	-2.105E-12	0.7130	0.113	-8.882E-15	11.500	45.029	7.330	-2.007E-12	0.6450	0.105	-1.874E-14
11.550	45.536	7.505	1.745	0.6522	0.107	0.025	11.550	50.353	8.029	-1.745	0.7213	0.115	-0.025	11.550	43.022	7.330	0.000	0.6162	0.105	1.110E-14	11.550	50.178	7.854	7.105E-13	0.7187	0.112	0.000	11.550	45.396	7.330	0.000	0.6503	0.105	1.110E-14
11.600	45.920	7.679	1.745	0.6578	0.110	0.025	11.600	50.754	8.029	1.745	0.7270	0.115	0.025	11.600	43.389	7.330	1.745	0.6215	0.105	0.025	11.600	50.562	7.854	1.745	0.7243	0.113	0.025	11.600	45.763	7.330	2.007E-12	0.6555	0.105	2.984E-14
11.650	46.304	7.679	7.105E-13	0.6633	0.110	0.000	11.650	51.156	8.203	1.745	0.7328	0.118	0.025	11.650	43.755	7.505	1.745	0.6268	0.107	0.025	11.650	50.964	8.029	1.745	0.7300	0.115	0.025	11.650	46.129	7.330	1.745	0.6608	0.105	0.025
11.700	46.688	7.679	0.000	0.6688	0.110	-1.110E-14	11.700	51.574	8.203	7.105E-13	0.7387	0.118	0.000	11.700	44.139	7.505	-1.745	0.6322	0.108	-0.025	11.700	51.365	8.029	-1.745	0.7358	0.115	-0.025	11.700	46.496	7.505	1.745	0.6660	0.107	0.025
11.750	47.072	7.679	-2.078E-12	0.6743	0.110	-1.957E-14	11.750	51.976	8.203	-7.461E-13	0.7445	0.118	-3.192E-14	11.750	44.506	7.330	-1.332E-12	0.6375	0.105	-3.025E-14	11.750	51.766	7.854	-1.745	0.7415	0.113	-0.025	11.750	46.880	7.505	-1.332E-12	0.6715	0.107	-8.049E-15
11.800	47.455	7.679	0.000	0.6798	0.110	1.110E-14	11.800	52.395	8.203	0.000	0.7505	0.117	-1.110E-14	11.800	44.872	7.505	3.491	0.6428	0.107	0.050	11.800	52.150	7.854	1.745	0.7470	0.112	0.025	11.800	47.246	7.505	0.000	0.6767	0.107	1.110E-14
11.850	47.839	7.679	1.368E-12	0.6852	0.110	1.957E-14	11.850	52.796	8.203	1.745	0.7562	0.117	0.025	11.850	45.256	7.679	1.332E-12	0.6482	0.110	3.025E-14	11.850	52.552	8.029	3.491	0.7528	0.115	0.050	11.850	47.630	7.505	1.332E-12	0.6823	0.108	1.915E-14
11.900	48.223	7.679	0.000	0.6907	0.110	0.000	11.900	53.215	8.378	-7.105E-13	0.7622	0.120	1.110E-14	11.900	45.640	7.505	-1.745	0.6538	0.108	-0.025	11.900	52.953	8.203	1.745	0.7585	0.118	0.025	11.900	47.997	7.505	1.745	0.6875	0.108	0.025
11.950	48.607	7.679	1.745	0.6963	0.110	0.025	11.950	53.634	8.203	-1.745	0.7682	0.118	-0.025	11.950	46.007	7.505	1.745	0.6590	0.107	0.025	11.950	53.372	8.203	-1.745	0.7645	0.117	-0.025	11.950	48.381	7.679	1.745	0.6930	0.110	0.025
12.000	48.991	7.854	1.745	0.7017	0.113	0.025	12.000	54.035	8.203	3.491	0.7740	0.118	0.050	12.000	46.391	7.679	-1.332E-12	0.6645	0.110	-8.049E-15	12.000	53.774	8.029	-1.457E-12	0.7702	0.115	-9.714E-15	12.000	48.764	7.679	-1.368E-12	0.6985	0.110	-1.957E-14
12.050	49.393	7.854	0.000	0.7075	0.112	0.000	12.050	54.454	8.552	3.491	0.7800	0.122	0.050	12.050	46.775	7.505	-1.745	0.6700	0.107	-0.025	12.050	54.175	8.203	1.745	0.7760	0.117	0.025	12.050	49.148	7.679	0.000	0.7040	0.110	1.110E-14
12.100	49.777	7.854	6.839E-13	0.7130	0.113	3.109E-14	12.100	54.891	8.552	-1.745	0.7862	0.123	-0.025	12.100	47.141	7.505	1.745	0.6753	0.107	0.025	12.100	54.594	8.203	-1.745	0.7820	0.118	-0.025	12.100	49.532	7.679	2.078E-12	0.7095	0.110	1.957E-14
12.150	50.178	7.854	7.105E-13	0.7187	0.113	0.000	12.150	55.309	8.378	-1.745	0.7923	0.120	-0.025	12.150	47.525	7.679	3.491	0.6807	0.110	0.050	12.150	54.995	8.029	-1.745	0.7878	0.115	-0.025	12.150	49.916	7.679	0.000	0.7150	0.110	0.000
12.200	50.562	7.854	1.745	0.7243	0.113	0.025	12.200	55.728	8.378	1.745	0.7983	0.120	0.025	12.200	47.909	7.854	1.745	0.6863	0.113	0.025	12.200	55.397	8.029	7.105E-13	0.7935	0.115	1.110E-14	12.200	50.300	7.679	-7.105E-13	0.7205	0.110	0.000
12.250	50.964	8.029	1.745	0.7300	0.115	0.025	12.250	56.147	8.552	1.745	0.8042	0.123	0.025	12.250	48.311	7.854	-1.745	0.6920	0.113	-0.025	12.250	55.798	8.029	-1.745	0.7993	0.115	-0.025	12.250	50.684	7.679	1.745	0.7260	0.110	0.025
12.300	51.365	8.029	-7.105E-13	0.7358	0.115	0.000	12.300	56.584	8.552	0.000	0.8105	0.122	0.000	12.300	48.695	7.679	-1.745	0.6975	0.110	-0.025	12.300	56.200	7.854	-1.745	0.8050	0.112	-0.025	12.300	51.068	7.854	1.745	0.7315	0.112	0.025
12.350	51.766	8.029	2.132E-12	0.7415	0.115	9.298E-15	12.350	57.002	8.552		0.8165	0.123		12.350	49.079	7.679	1.745	0.7030	0.110	0.025	12.350	56.584	7.854	1.745	0.8105	0.113	0.025	12.350	51.470	7.854	6.839E-13	0.7372	0.113	3.109E-14
12.400	52.168	8.029	0.000	0.7472	0.115	1.110E-14								12.400	49.463	7.854	1.745	0.7085	0.113	0.025	12.400	56.985	8.029	1.745	0.8163	0.115	0.025	12.400	51.854	7.854	0.000	0.7427	0.113	0.000
12.450	52.569	8.029	-7.105E-13	0.7530	0.115	1.110E-14								12.450	49.864	7.854	-7.105E-13	0.7143	0.113	0.000	12.450	57.386	8.029	-6.981	0.8220	0.115	-0.100	12.450	52.255	7.854	0.000	0.7485	0.113	-1.110E-14
12.500	52.971	8.029	1.745	0.7588	0.115	0.025								12.500	50.248	7.854	1.745	0.7198	0.113	0.025	12.500	57.788	7.330	-36.652	0.8278	0.105	-0.525	12.500	52.639	7.854	-6.839E-13	0.7540	0.113	-1.998E-14
12.550	53.372	8.203	1.745	0.7645	0.117	0.025								12.550	50.649	8.029	1.745	0.7255	0.115	0.025	12.550	58.119	4.363	-62.832	0.8325	0.062	-0.900	12.550	53.041	7.854	0.000	0.7598	0.112	0.000
12.600	53.791	8.203	-1.745	0.7705	0.117	-0.025								12.600	51.051	8.029	-1.745	0.7313	0.115	-0.025	12.600	58.224	1.047		0.8340	0.015		12.600	53.425	7.854	1.745	0.7652	0.113	0.025
12.650	54.192	8.029	0.000	0.7762	0.115	1.110E-14								12.650	51.452	7.854	-1.745	0.7370	0.113	-0.025								12.650	53.826	8.029	1.745	0.7710	0.115	0.025
12.700	54.594	8.203	3.491	0.7820	0.118	0.050								12.700	51.836	7.854	1.745	0.7425	0.113	0.025								12.700	54.227	8.029	7.105E-13	0.7768	0.115	-1.110E-14
12.750	55.013	8.378	-2.167E-12	0.7880	0.120	-2.082E-14								12.750	52.238	8.029	1.745	0.7482	0.115	0.025								12.750	54.629	8.029	-2.132E-12	0.7825	0.115	-9.298E-15
12.800	55.432	8.203	-1.745	0.7940	0.117	-0.025								12.800	52.639	8.029	7.105E-13	0.7540	0.115	1.110E-14								12.800	55.030	8.029	-7.105E-13	0.7883	0.115	1.110E-14
12.850	55.833	8.203	1.745	0.7998	0.117	0.025								12.850	53.041	8.029	1.745	0.7598	0.115	0.025								12.850	55.432	8.029	1.745	0.7940	0.115	0.025
12.900	56.252	8.378	1.745	0.8057	0.120	0.025								12.900	53.442	8.203	1.745	0.7655	0.117	0.025								12.900	55.833	8.203	1.745	0.7998	0.117	0.025
12.950	56.671	8.378	-8.727	0.8118	0.120	-0.125								12.950	53.861	8.203	-1.745	0.7715	0.117	-0.025								12.950	56.252	8.203	-1.745	0.8057	0.117	-0.025
13.000	57.090	7.505	-33.161	0.8177	0.108	-0.475								13.000	54.262	8.029	-2.167E-12	0.7772	0.115	-9.714E-15								13.000	56.653	8.029	-2.167E-12	0.8115	0.115	-9.714E-15
13.050	57.421	5.061	-47.124	0.8225	0.072	-0.675								13.050	54.664	8.203	1.745	0.7830	0.117	0.025								13.050	57.055	8.203	1.745	0.8173	0.117	0.025
13.100	57.596	2.793	-34.907	0.8250	0.040	-0.500								13.100	55.083	8.203	2.167E-12	0.7890	0.118	9.714E-15								13.100	57.474	8.203	2.167E-12	0.8233	0.118	9.714E-15
13.150	57.701	1.571		0.8265	0.022									13.150	55.484	8.203	1.745	0.7948	0.117	0.025								13.150	57.875	8.203	7.105E-13	0.8290	0.117	-1.110E-14
														13.200	55.903	8.378	1.745	0.8007	0.120	0.025								13.200	58.294	8.203		0.8350	0.117	
														13.250	56.322	8.378	-1.745	0.8067	0.120	-0.025														
														13.300	56.741	8.203	-1.745	0.8128	0.117	-0.025														
														13.350	57.142	8.203	1.745	0.8185	0.118	0.025														
														13.400	57.561	8.378	1.745	0.8245	0.120	0.025														
														13.450	57.980	8.378	-26.180	0.8305	0.120	-0.375														
														13.500	58.399	5.760	-68.068	0.8365	0.083	-0.975														
														13.550	58.556	1.571	-61.087	0.8387	0.022	-0.875														
														13.600	58.556	-0.349	-22.689	0.8387	-0.005	-0.325														
														13.650	58.521	-0.698	-3.491	0.8383	-0.010	-0.050														
														13.700	58.486	-0.698	1.745	0.8378	-0.010	0.025														
														13.750	58.451	-0.524	1.745	0.8373	-0.008	0.025														
														13.800	58.434	-0.524	7.105E-13	0.8370	-0.008	1.110E-14														
														13.850	58.399	-0.524	6.173E-13	0.8365	-0.007	-1.336E-15														
														13.900	58.381	-0.524	-7.105E-13	0.8362	-0.008	-1.110E-14														
														13.950	58.346	-0.524	1.745	0.8358	-0.008	0.025														
														14.000	58.329	-0.349	1.745	0.8355	-0.005	0.025														
														14.050	58.311	-0.349	7.105E-13	0.8352	-0.005	-1.110E-14														
														14.100	58.294	-0.349	-1.745	0.8350	-0.005	-0.025														
														14.150	58.277	-0.524	-6.981	0.8347	-0.007	-0.100														
														14.200	58.242	-1.047	-10.472	0.8342	-0.015	-0.150														
														14.250	58.172	-1.571	-6.981	0.8333	-0.022	-0.100														
														14.300	58.085	-1.745		0.8320	-0.025															
