Run #1	Run #1	Run #1	Run #1	Run #1	Run #1	Run #1	Run #2	Run #2	Run #2	Run #2	Run #2	Run #2	Run #2	Run #3	Run #3	Run #3	Run #3	Run #3	Run #3	Run #3	Run #4	Run #4	Run #4	Run #4	Run #4	Run #4	Run #4	Run #5	Run #5	Run #5	Run #5	Run #5	Run #5	Run #5
Time (s)	Angle (rad)	Angular Velocity (rad/s)	Angular Acceleration (rad/s²)	Position (m)	Velocity (m/s)	Acceleration (m/s²)	Time (s)	Angle (rad)	Angular Velocity (rad/s)	Angular Acceleration (rad/s²)	Position (m)	Velocity (m/s)	Acceleration (m/s²)	Time (s)	Angle (rad)	Angular Velocity (rad/s)	Angular Acceleration (rad/s²)	Position (m)	Velocity (m/s)	Acceleration (m/s²)	Time (s)	Angle (rad)	Angular Velocity (rad/s)	Angular Acceleration (rad/s²)	Position (m)	Velocity (m/s)	Acceleration (m/s²)	Time (s)	Angle (rad)	Angular Velocity (rad/s)	Angular Acceleration (rad/s²)	Position (m)	Velocity (m/s)	Acceleration (m/s²)
0.000	0.017			2.5000E-4			0.000	0.000			0.0000			0.000	0.000			0.0000			0.000	0.087			0.0013			0.000	0.017			2.5000E-4		
0.050	0.017	0.349		2.5000E-4	0.005		0.050	-0.017	-0.175		-2.5000E-4	-0.003		0.050	0.017	0.349		2.5000E-4	0.005		0.050	0.175	1.920		0.0025	0.027		0.050	0.017	0.000		2.5000E-4	0.000	
0.100	0.052	0.698	3.491	7.5000E-4	0.010	0.050	0.100	-0.017	0.000	3.491	-2.5000E-4	0.000	0.050	0.100	0.035	0.349	0.000	5.0000E-4	0.005	0.000	0.100	0.279	2.269	5.236	0.0040	0.032	0.075	0.100	0.017	-0.175	-1.745	2.5000E-4	-0.002	-0.025
0.150	0.087	0.698	3.491	0.0013	0.010	0.050	0.150	-0.017	0.175	3.491	-2.5000E-4	0.003	0.050	0.150	0.052	0.349	1.745	7.5000E-4	0.005	0.025	0.150	0.401	2.443	1.745	0.0057	0.035	0.025	0.150	0.000	-0.175	1.745	0.0000	-0.003	0.025
0.200	0.122	1.047	5.236	0.0018	0.015	0.075	0.200	0.000	0.349	3.491	0.0000	0.005	0.050	0.200	0.070	0.524	3.491	0.0010	0.008	0.050	0.200	0.524	2.443	1.745	0.0075	0.035	0.025	0.200	0.000	0.000	1.745	0.0000	0.000	0.025
0.250	0.192	1.222	1.745	0.0027	0.017	0.025	0.250	0.017	0.524	3.491	2.5000E-4	0.007	0.050	0.250	0.105	0.698	3.491	0.0015	0.010	0.050	0.250	0.646	2.618	3.491	0.0092	0.037	0.050	0.250	0.000	0.000	1.745	0.0000	0.000	0.025
0.300	0.244	1.222	3.491	0.0035	0.018	0.050	0.300	0.052	0.698	1.745	7.5000E-4	0.010	0.025	0.300	0.140	0.873	3.491	0.0020	0.012	0.050	0.300	0.785	2.793	3.491	0.0112	0.040	0.050	0.300	0.000	0.175	5.236	0.0000	0.002	0.075
0.350	0.314	1.571	5.236	0.0045	0.023	0.075	0.350	0.087	0.698	3.491	0.0013	0.010	0.050	0.350	0.192	1.047	3.491	0.0027	0.015	0.050	0.350	0.925	2.967	3.491	0.0132	0.043	0.050	0.350	0.017	0.524	5.236	2.5000E-4	0.008	0.075
0.400	0.401	1.745	3.491	0.0057	0.025	0.050	0.400	0.122	1.047	5.236	0.0018	0.015	0.075	0.400	0.244	1.222	3.491	0.0035	0.018	0.050	0.400	1.082	3.142	3.491	0.0155	0.045	0.050	0.400	0.052	0.698	3.491	7.5000E-4	0.010	0.050
0.450	0.489	1.920	3.491	0.0070	0.028	0.050	0.450	0.192	1.222	1.745	0.0027	0.018	0.025	0.450	0.314	1.396	3.491	0.0045	0.020	0.050	0.450	1.239	3.316	3.491	0.0178	0.048	0.050	0.450	0.087	0.873	3.491	0.0013	0.013	0.050
0.500	0.593	2.094	1.745	0.0085	0.030	0.025	0.500	0.244	1.222	3.491	0.0035	0.018	0.050	0.500	0.384	1.571	3.491	0.0055	0.022	0.050	0.500	1.414	3.491	3.491	0.0203	0.050	0.050	0.500	0.140	1.047	3.491	0.0020	0.015	0.050
0.550	0.698	2.094	3.491	0.0100	0.030	0.050	0.550	0.314	1.571	5.236	0.0045	0.022	0.075	0.550	0.471	1.745	3.491	0.0067	0.025	0.050	0.550	1.588	3.665	3.491	0.0228	0.052	0.050	0.550	0.192	1.222	3.491	0.0027	0.017	0.050
0.600	0.803	2.443	5.236	0.0115	0.035	0.075	0.600	0.401	1.745	3.491	0.0057	0.025	0.050	0.600	0.559	1.920	3.491	0.0080	0.028	0.050	0.600	1.780	3.840	3.491	0.0255	0.055	0.050	0.600	0.262	1.396	3.491	0.0037	0.020	0.050
0.650	0.942	2.618	1.745	0.0135	0.038	0.025	0.650	0.489	1.920	3.491	0.0070	0.028	0.050	0.650	0.663	2.094	3.491	0.0095	0.030	0.050	0.650	1.972	4.014	3.491	0.0283	0.057	0.050	0.650	0.332	1.571	5.236	0.0047	0.023	0.075
0.700	1.065	2.618	3.491	0.0153	0.038	0.050	0.700	0.593	2.094	1.745	0.0085	0.030	0.025	0.700	0.768	2.269	5.236	0.0110	0.033	0.075	0.700	2.182	4.189	3.491	0.0313	0.060	0.050	0.700	0.419	1.920	5.236	0.0060	0.028	0.075
0.750	1.204	2.967	5.236	0.0173	0.043	0.075	0.750	0.698	2.094	1.745	0.0100	0.030	0.025	0.750	0.890	2.618	3.491	0.0128	0.038	0.050	0.750	2.391	4.363	3.491	0.0343	0.062	0.050	0.750	0.524	2.094	1.745	0.0075	0.030	0.025
0.800	1.361	3.142	1.745	0.0195	0.045	0.025	0.800	0.803	2.269	5.236	0.0115	0.032	0.075	0.800	1.030	2.618	1.745	0.0147	0.037	0.025	0.800	2.618	4.538	1.745	0.0375	0.065	0.025	0.800	0.628	2.094	1.745	0.0090	0.030	0.025
0.850	1.518	3.142	1.745	0.0218	0.045	0.025	0.850	0.925	2.618	5.236	0.0132	0.038	0.075	0.850	1.152	2.793	5.236	0.0165	0.040	0.075	0.850	2.845	4.538	1.745	0.0408	0.065	0.025	0.850	0.733	2.269	5.236	0.0105	0.033	0.075
0.900	1.676	3.316	3.491	0.0240	0.047	0.050	0.900	1.065	2.793	1.745	0.0153	0.040	0.025	0.900	1.309	3.142	3.491	0.0188	0.045	0.050	0.900	3.072	4.712	5.236	0.0440	0.068	0.075	0.900	0.855	2.618	5.236	0.0122	0.038	0.075
0.950	1.850	3.491	3.491	0.0265	0.050	0.050	0.950	1.204	2.793	1.745	0.0173	0.040	0.025	0.950	1.466	3.142	0.000	0.0210	0.045	0.000	0.950	3.316	5.061	5.236	0.0475	0.073	0.075	0.950	0.995	2.793	1.745	0.0142	0.040	0.025
1.000	2.025	3.665	5.236	0.0290	0.053	0.075	1.000	1.344	2.967	5.236	0.0193	0.043	0.075	1.000	1.623	3.142	3.491	0.0233	0.045	0.050	1.000	3.578	5.236	1.745	0.0513	0.075	0.025	1.000	1.134	2.793	1.745	0.0163	0.040	0.025
1.050	2.217	4.014	5.236	0.0318	0.057	0.075	1.050	1.501	3.316	3.491	0.0215	0.047	0.050	1.050	1.780	3.491	5.236	0.0255	0.050	0.075	1.050	3.840	5.236	1.745	0.0550	0.075	0.025	1.050	1.274	2.967	5.236	0.0183	0.042	0.075
1.100	2.426	4.189	1.745	0.0348	0.060	0.025	1.100	1.676	3.316	1.745	0.0240	0.047	0.025	1.100	1.972	3.665	1.745	0.0283	0.052	0.025	1.100	4.102	5.411	3.491	0.0588	0.077	0.050	1.100	1.431	3.316	5.236	0.0205	0.047	0.075
1.150	2.635	4.189	1.745	0.0378	0.060	0.025	1.150	1.833	3.491	5.236	0.0262	0.050	0.075	1.150	2.147	3.665	3.491	0.0308	0.052	0.050	1.150	4.381	5.585	3.491	0.0627	0.080	0.050	1.150	1.606	3.491	1.745	0.0230	0.050	0.025
1.200	2.845	4.363	3.491	0.0408	0.063	0.050	1.200	2.025	3.840	3.491	0.0290	0.055	0.050	1.200	2.339	4.014	5.236	0.0335	0.058	0.075	1.200	4.660	5.760	3.491	0.0667	0.083	0.050	1.200	1.780	3.491	1.745	0.0255	0.050	0.025
1.250	3.072	4.538	1.745	0.0440	0.065	0.025	1.250	2.217	3.840	1.745	0.0318	0.055	0.025	1.250	2.548	4.189	3.491	0.0365	0.060	0.050	1.250	4.957	5.934	1.745	0.0710	0.085	0.025	1.250	1.955	3.665	5.236	0.0280	0.053	0.075
1.300	3.299	4.538	1.745	0.0473	0.065	0.025	1.300	2.409	4.014	3.491	0.0345	0.057	0.050	1.300	2.758	4.363	1.745	0.0395	0.062	0.025	1.300	5.253	5.934	3.491	0.0752	0.085	0.050	1.300	2.147	4.014	5.236	0.0308	0.057	0.075
1.350	3.526	4.712	5.236	0.0505	0.067	0.075	1.350	2.618	4.189	3.491	0.0375	0.060	0.050	1.350	2.985	4.363	1.745	0.0428	0.062	0.025	1.350	5.550	6.283	5.236	0.0795	0.090	0.075	1.350	2.356	4.189	1.745	0.0338	0.060	0.025
1.400	3.770	5.061	5.236	0.0540	0.072	0.075	1.400	2.827	4.363	3.491	0.0405	0.062	0.050	1.400	3.194	4.538	5.236	0.0458	0.065	0.075	1.400	5.882	6.458	1.745	0.0842	0.092	0.025	1.400	2.566	4.189	1.745	0.0367	0.060	0.025
1.450	4.032	5.236	1.745	0.0578	0.075	0.025	1.450	3.054	4.538	1.745	0.0438	0.065	0.025	1.450	3.438	4.887	3.491	0.0493	0.070	0.050	1.450	6.196	6.458	3.491	0.0887	0.093	0.050	1.450	2.775	4.363	3.491	0.0398	0.063	0.050
1.500	4.294	5.236	1.745	0.0615	0.075	0.025	1.500	3.281	4.538	1.745	0.0470	0.065	0.025	1.500	3.683	4.887	1.745	0.0528	0.070	0.025	1.500	6.528	6.807	3.491	0.0935	0.098	0.050	1.500	3.002	4.538	1.745	0.0430	0.065	0.025
1.550	4.555	5.411	3.491	0.0652	0.077	0.050	1.550	3.508	4.712	5.236	0.0503	0.067	0.075	1.550	3.927	5.061	3.491	0.0562	0.072	0.050	1.550	6.877	6.807	1.745	0.0985	0.098	0.025	1.550	3.229	4.538	1.745	0.0462	0.065	0.025
1.600	4.835	5.585	3.491	0.0692	0.080	0.050	1.600	3.752	5.061	5.236	0.0537	0.072	0.075	1.600	4.189	5.236	3.491	0.0600	0.075	0.050	1.600	7.208	6.981	3.491	0.1032	0.100	0.050	1.600	3.456	4.712	3.491	0.0495	0.067	0.050
1.650	5.114	5.760	3.491	0.0732	0.082	0.050	1.650	4.014	5.236	1.745	0.0575	0.075	0.025	1.650	4.451	5.411	5.236	0.0637	0.077	0.075	1.650	7.575	7.156	3.491	0.1085	0.102	0.050	1.650	3.700	4.887	3.491	0.0530	0.070	0.050
1.700	5.411	5.934	3.491	0.0775	0.085	0.050	1.700	4.276	5.236	1.745	0.0612	0.075	0.025	1.700	4.730	5.760	3.491	0.0678	0.083	0.050	1.700	7.924	7.330	3.491	0.1135	0.105	0.050	1.700	3.944	5.061	3.491	0.0565	0.073	0.050
1.750	5.707	6.109	3.491	0.0817	0.088	0.050	1.750	4.538	5.411	5.236	0.0650	0.078	0.075	1.750	5.027	5.760	1.745	0.0720	0.083	0.025	1.750	8.308	7.505	1.745	0.1190	0.108	0.025	1.750	4.206	5.236	3.491	0.0603	0.075	0.050
1.800	6.021	6.283	3.491	0.0863	0.090	0.050	1.800	4.817	5.760	5.236	0.0690	0.082	0.075	1.800	5.306	5.934	3.491	0.0760	0.085	0.050	1.800	8.674	7.505	1.745	0.1242	0.107	0.025	1.800	4.468	5.411	3.491	0.0640	0.077	0.050
1.850	6.336	6.458	3.491	0.0907	0.092	0.050	1.850	5.114	5.934	1.745	0.0732	0.085	0.025	1.850	5.620	6.109	1.745	0.0805	0.087	0.025	1.850	9.058	7.679	3.491	0.1298	0.110	0.050	1.850	4.747	5.585	3.491	0.0680	0.080	0.050
1.900	6.667	6.632	1.745	0.0955	0.095	0.025	1.900	5.411	5.934	1.745	0.0775	0.085	0.025	1.900	5.917	6.109	3.491	0.0848	0.087	0.050	1.900	9.442	7.854	3.491	0.1352	0.113	0.050	1.900	5.027	5.760	3.491	0.0720	0.082	0.050
1.950	6.999	6.632	1.745	0.1003	0.095	0.025	1.950	5.707	6.109	5.236	0.0817	0.088	0.075	1.950	6.231	6.458	5.236	0.0892	0.093	0.075	1.950	9.844	8.029	3.491	0.1410	0.115	0.050	1.950	5.323	5.934	3.491	0.0762	0.085	0.050
2.000	7.330	6.807	5.236	0.1050	0.097	0.075	2.000	6.021	6.458	5.236	0.0863	0.092	0.075	2.000	6.562	6.632	3.491	0.0940	0.095	0.050	2.000	10.245	8.203	3.491	0.1467	0.117	0.050	2.000	5.620	6.109	3.491	0.0805	0.087	0.050
2.050	7.679	7.156	3.491	0.1100	0.103	0.050	2.050	6.353	6.632	1.745	0.0910	0.095	0.025	2.050	6.894	6.807	3.491	0.0987	0.098	0.050	2.050	10.664	8.378	3.491	0.1528	0.120	0.050	2.050	5.934	6.283	3.491	0.0850	0.090	0.050
2.100	8.046	7.156	1.745	0.1153	0.103	0.025	2.100	6.685	6.632	1.745	0.0958	0.095	0.025	2.100	7.243	6.981	1.745	0.1038	0.100	0.025	2.100	11.083	8.552	3.491	0.1588	0.123	0.050	2.100	6.248	6.458	1.745	0.0895	0.093	0.025
2.150	8.395	7.330	5.236	0.1202	0.105	0.075	2.150	7.016	6.807	3.491	0.1005	0.097	0.050	2.150	7.592	6.981	1.745	0.1087	0.100	0.025	2.150	11.519	8.727	1.745	0.1650	0.125	0.025	2.150	6.580	6.458	1.745	0.0942	0.093	0.025
2.200	8.779	7.679	3.491	0.1258	0.110	0.050	2.200	7.365	6.981	3.491	0.1055	0.100	0.050	2.200	7.941	7.156	3.491	0.1137	0.103	0.050	2.200	11.956	8.727	1.745	0.1713	0.125	0.025	2.200	6.894	6.632	3.491	0.0987	0.095	0.050
2.250	9.163	7.679	1.745	0.1312	0.110	0.025	2.250	7.714	7.156	3.491	0.1105	0.103	0.050	2.250	8.308	7.330	3.491	0.1190	0.105	0.050	2.250	12.392	8.901	5.236	0.1775	0.127	0.075	2.250	7.243	6.807	3.491	0.1038	0.097	0.050
2.300	9.547	7.854	3.491	0.1368	0.113	0.050	2.300	8.081	7.330	1.745	0.1157	0.105	0.025	2.300	8.674	7.505	3.491	0.1242	0.107	0.050	2.300	12.846	9.250	3.491	0.1840	0.133	0.050	2.300	7.575	6.981	3.491	0.1085	0.100	0.050
2.350	9.948	8.029	1.745	0.1425	0.115	0.025	2.350	8.447	7.330	1.745	0.1210	0.105	0.025	2.350	9.058	7.679	1.745	0.1298	0.110	0.025	2.350	13.317	9.250	1.745	0.1907	0.133	0.025	2.350	7.941	7.156	1.745	0.1137	0.103	0.025
2.400	10.350	8.029	1.745	0.1482	0.115	0.025	2.400	8.814	7.505	5.236	0.1262	0.108	0.075	2.400	9.442	7.679	1.745	0.1352	0.110	0.025	2.400	13.771	9.425	3.491	0.1973	0.135	0.050	2.400	8.290	7.156	1.745	0.1187	0.102	0.025
2.450	10.751	8.203	5.236	0.1540	0.118	0.075	2.450	9.198	7.854	3.491	0.1318	0.113	0.050	2.450	9.826	7.854	5.236	0.1408	0.113	0.075	2.450	14.259	9.599	1.745	0.2043	0.138	0.025	2.450	8.657	7.330	3.491	0.1240	0.105	0.050
2.500	11.170	8.552	3.491	0.1600	0.122	0.050	2.500	9.599	7.854	1.745	0.1375	0.113	0.025	2.500	10.228	8.203	3.491	0.1465	0.117	0.050	2.500	14.731	9.599	1.745	0.2110	0.137	0.025	2.500	9.023	7.505	1.745	0.1292	0.108	0.025
2.550	11.606	8.552	1.745	0.1663	0.122	0.025	2.550	9.983	8.029	3.491	0.1430	0.115	0.050	2.550	10.647	8.203	1.745	0.1525	0.117	0.025	2.550	15.219	9.774	3.491	0.2180	0.140	0.050	2.550	9.407	7.505	1.745	0.1348	0.108	0.025
2.600	12.025	8.727	5.236	0.1723	0.125	0.075	2.600	10.402	8.203	3.491	0.1490	0.117	0.050	2.600	11.048	8.378	5.236	0.1583	0.120	0.075	2.600	15.708	9.948	3.491	0.2250	0.142	0.050	2.600	9.774	7.679	5.236	0.1400	0.110	0.075
2.650	12.479	9.076	3.491	0.1787	0.130	0.050	2.650	10.804	8.378	3.491	0.1548	0.120	0.050	2.650	11.484	8.727	3.491	0.1645	0.125	0.050	2.650	16.214	10.123	3.491	0.2322	0.145	0.050	2.650	10.175	8.029	3.491	0.1457	0.115	0.050
2.700	12.933	9.076	1.745	0.1852	0.130	0.025	2.700	11.240	8.552	1.745	0.1610	0.123	0.025	2.700	11.921	8.727	1.745	0.1708	0.125	0.025	2.700	16.720	10.297	3.491	0.2395	0.148	0.050	2.700	10.577	8.029	1.745	0.1515	0.115	0.025
2.750	13.387	9.250	3.491	0.1917	0.133	0.050	2.750	11.659	8.552	3.491	0.1670	0.122	0.050	2.750	12.357	8.901	3.491	0.1770	0.127	0.050	2.750	17.244	10.472	3.491	0.2470	0.150	0.050	2.750	10.978	8.203	3.491	0.1572	0.117	0.050
2.800	13.858	9.425	1.745	0.1985	0.135	0.025	2.800	12.095	8.901	5.236	0.1733	0.127	0.075	2.800	12.811	9.076	3.491	0.1835	0.130	0.050	2.800	17.767	10.647	3.491	0.2545	0.152	0.050	2.800	11.397	8.378	3.491	0.1633	0.120	0.050
2.850	14.329	9.425	1.745	0.2052	0.135	0.025	2.850	12.549	9.076	1.745	0.1797	0.130	0.025	2.850	13.265	9.250	3.491	0.1900	0.133	0.050	2.850	18.309	10.821	3.491	0.2622	0.155	0.050	2.850	11.816	8.552	3.491	0.1693	0.122	0.050
2.900	14.800	9.599	3.491	0.2120	0.137	0.050	2.900	13.003	9.076	1.745	0.1862	0.130	0.025	2.900	13.736	9.425	1.745	0.1967	0.135	0.025	2.900	18.850	10.996	1.745	0.2700	0.158	0.025	2.900	12.252	8.727	1.745	0.1755	0.125	0.025
2.950	15.289	9.774	3.491	0.2190	0.140	0.050	2.950	13.456	9.250	5.236	0.1927	0.133	0.075	2.950	14.207	9.425	1.745	0.2035	0.135	0.025	2.950	19.408	10.996	1.745	0.2780	0.158	0.025	2.950	12.689	8.727	1.745	0.1817	0.125	0.025
3.000	15.778	9.948	3.491	0.2260	0.142	0.050	3.000	13.928	9.599	3.491	0.1995	0.138	0.050	3.000	14.678	9.599	3.491	0.2102	0.137	0.050	3.000	19.949	11.170	3.491	0.2858	0.160	0.050	3.000	13.125	8.901	5.236	0.1880	0.128	0.075
3.050	16.284	10.123	3.491	0.2333	0.145	0.050	3.050	14.416	9.599	0.000	0.2065	0.137	-2.776E-15	3.050	15.167	9.774	3.491	0.2173	0.140	0.050	3.050	20.525	11.345	1.745	0.2940	0.162	0.025	3.050	13.579	9.250	3.491	0.1945	0.133	0.050
3.100	16.790	10.297	3.491	0.2405	0.147	0.050	3.100	14.888	9.599	3.491	0.2133	0.137	0.050	3.100	15.656	9.948	3.491	0.2242	0.142	0.050	3.100	21.084	11.345	3.491	0.3020	0.163	0.050	3.100	14.050	9.250	1.745	0.2012	0.133	0.025
3.150	17.314	10.472	1.745	0.2480	0.150	0.025	3.150	15.376	9.948	5.236	0.2202	0.142	0.075	3.150	16.162	10.123	3.491	0.2315	0.145	0.050	3.150	21.660	11.694	5.236	0.3103	0.168	0.075	3.150	14.504	9.425	3.491	0.2078	0.135	0.050
3.200	17.837	10.472	1.745	0.2555	0.150	0.025	3.200	15.882	10.123	1.745	0.2275	0.145	0.025	3.200	16.668	10.297	3.491	0.2387	0.148	0.050	3.200	22.253	11.868	1.745	0.3188	0.170	0.025	3.200	14.992	9.599	1.745	0.2147	0.138	0.025
3.250	18.361	10.647	5.236	0.2630	0.152	0.075	3.250	16.389	10.123	1.745	0.2347	0.145	0.025	3.250	17.191	10.472	3.491	0.2463	0.150	0.050	3.250	22.846	11.868	1.745	0.3272	0.170	0.025	3.250	15.464	9.599	3.491	0.2215	0.138	0.050
3.300	18.902	10.996	3.491	0.2707	0.157	0.050	3.300	16.895	10.297	3.491	0.2420	0.147	0.050	3.300	17.715	10.647	3.491	0.2538	0.153	0.050	3.300	23.440	12.043	3.491	0.3357	0.173	0.050	3.300	15.952	9.948	5.236	0.2285	0.142	0.075
3.350	19.460	10.996	1.745	0.2787	0.158	0.025	3.350	17.418	10.472	3.491	0.2495	0.150	0.050	3.350	18.256	10.821	1.745	0.2615	0.155	0.025	3.350	24.051	12.217	3.491	0.3445	0.175	0.050	3.350	16.458	10.123	1.745	0.2358	0.145	0.025
3.400	20.001	11.170	3.491	0.2865	0.160	0.050	3.400	17.942	10.647	5.236	0.2570	0.152	0.075	3.400	18.797	10.821	1.745	0.2692	0.155	0.025	3.400	24.661	12.392	3.491	0.3532	0.177	0.050	3.400	16.965	10.123	1.745	0.2430	0.145	0.025
3.450	20.577	11.345	1.745	0.2948	0.163	0.025	3.450	18.483	10.996	3.491	0.2647	0.158	0.050	3.450	19.338	10.996	3.491	0.2770	0.158	0.050	3.450	25.290	12.566	1.745	0.3623	0.180	0.025	3.450	17.471	10.297	3.491	0.2503	0.148	0.050
3.500	21.136	11.345	3.491	0.3028	0.162	0.050	3.500	19.042	10.996	-8.349E-13	0.2727	0.158	-6.939E-15	3.500	19.897	11.170	3.491	0.2850	0.160	0.050	3.500	25.918	12.566	-5.507E-13	0.3713	0.180	-1.360E-14	3.500	17.994	10.472	1.745	0.2577	0.150	0.025
3.550	21.712	11.694	3.491	0.3110	0.167	0.050	3.550	19.583	10.996	3.491	0.2805	0.157	0.050	3.550	20.455	11.345	3.491	0.2930	0.162	0.050	3.550	26.546	12.566	1.745	0.3803	0.180	0.025	3.550	18.518	10.472	1.745	0.2652	0.150	0.025
3.600	22.305	11.694	1.745	0.3195	0.167	0.025	3.600	20.141	11.345	5.236	0.2885	0.162	0.075	3.600	21.031	11.519	1.745	0.3012	0.165	0.025	3.600	27.175	12.741	3.491	0.3892	0.182	0.050	3.600	19.042	10.647	3.491	0.2727	0.153	0.050
3.650	22.881	11.868	3.491	0.3277	0.170	0.050	3.650	20.717	11.519	1.745	0.2967	0.165	0.025	3.650	21.607	11.519	1.745	0.3095	0.165	0.025	3.650	27.821	12.915	3.491	0.3985	0.185	0.050	3.650	19.583	10.821	3.491	0.2805	0.155	0.050
3.700	23.492	12.043	1.745	0.3365	0.173	0.025	3.700	21.293	11.519	-3.553E-13	0.3050	0.165	0.000	3.700	22.183	11.694	3.491	0.3178	0.168	0.050	3.700	28.466	13.090	1.745	0.4078	0.188	0.025	3.700	20.124	10.996	3.491	0.2883	0.158	0.050
3.750	24.086	12.043	3.491	0.3450	0.172	0.050	3.750	21.869	11.519	1.745	0.3133	0.165	0.025	3.750	22.777	11.868	3.491	0.3262	0.170	0.050	3.750	29.130	13.090	1.745	0.4173	0.187	0.025	3.750	20.682	11.170	1.745	0.2963	0.160	0.025
3.800	24.696	12.392	5.236	0.3538	0.177	0.075	3.800	22.445	11.694	5.236	0.3215	0.167	0.075	3.800	23.370	12.043	3.491	0.3347	0.173	0.050	3.800	29.775	13.265	3.491	0.4265	0.190	0.050	3.800	21.241	11.170	1.745	0.3043	0.160	0.025
3.850	25.325	12.566	1.745	0.3628	0.180	0.025	3.850	23.038	12.043	5.236	0.3300	0.172	0.075	3.850	23.981	12.217	3.491	0.3435	0.175	0.050	3.850	30.456	13.439	1.745	0.4363	0.193	0.025	3.850	21.799	11.345	3.491	0.3123	0.162	0.050
3.900	25.953	12.566	1.745	0.3717	0.180	0.025	3.900	23.649	12.217	1.745	0.3387	0.175	0.025	3.900	24.592	12.392	3.491	0.3523	0.177	0.050	3.900	31.119	13.439	3.491	0.4458	0.192	0.050	3.900	22.375	11.519	1.745	0.3205	0.165	0.025
3.950	26.581	12.741	3.491	0.3808	0.183	0.050	3.950	24.260	12.217	1.745	0.3475	0.175	0.025	3.950	25.220	12.566	1.745	0.3612	0.180	0.025	3.950	31.800	13.788	3.491	0.4555	0.198	0.050	3.950	22.951	11.519	1.745	0.3287	0.165	0.025
4.000	27.227	12.915	1.745	0.3900	0.185	0.025	4.000	24.871	12.392	3.491	0.3563	0.178	0.050	4.000	25.848	12.566	1.745	0.3703	0.180	0.025	4.000	32.498	13.788	-1.226E-12	0.4655	0.198	-1.749E-14	4.000	23.527	11.694	3.491	0.3370	0.168	0.050
4.050	27.873	12.915	1.745	0.3992	0.185	0.025	4.050	25.499	12.566	3.491	0.3653	0.180	0.050	4.050	26.477	12.741	3.491	0.3793	0.182	0.050	4.050	33.179	13.788	1.745	0.4753	0.197	0.025	4.050	24.120	11.868	3.491	0.3455	0.170	0.050
4.100	28.519	13.090	3.491	0.4085	0.187	0.050	4.100	26.128	12.741	3.491	0.3743	0.182	0.050	4.100	27.122	12.915	3.491	0.3885	0.185	0.050	4.100	33.877	13.963	3.491	0.4852	0.200	0.050	4.100	24.714	12.043	1.745	0.3540	0.172	0.025
4.150	29.182	13.265	3.491	0.4180	0.190	0.050	4.150	26.773	12.915	1.745	0.3835	0.185	0.025	4.150	27.768	13.090	3.491	0.3977	0.188	0.050	4.150	34.575	14.137	3.491	0.4953	0.203	0.050	4.150	25.325	12.043	1.745	0.3628	0.173	0.025
4.200	29.845	13.439	3.491	0.4275	0.193	0.050	4.200	27.419	12.915	0.000	0.3927	0.185	5.551E-15	4.200	28.431	13.265	1.745	0.4073	0.190	0.025	4.200	35.291	14.312	1.745	0.5055	0.205	0.025	4.200	25.918	12.217	3.491	0.3713	0.175	0.050
4.250	30.526	13.614	1.745	0.4373	0.195	0.025	4.250	28.065	12.915	3.491	0.4020	0.185	0.050	4.250	29.095	13.265	1.745	0.4168	0.190	0.025	4.250	36.006	14.312	1.745	0.5158	0.205	0.025	4.250	26.546	12.392	1.745	0.3803	0.178	0.025
4.300	31.206	13.614	1.745	0.4470	0.195	0.025	4.300	28.711	13.265	5.236	0.4112	0.190	0.075	4.300	29.758	13.439	3.491	0.4262	0.192	0.050	4.300	36.722	14.486	3.491	0.5260	0.207	0.050	4.300	27.157	12.392	1.745	0.3890	0.177	0.025
4.350	31.887	13.788	3.491	0.4567	0.197	0.050	4.350	29.391	13.439	1.745	0.4210	0.192	0.025	4.350	30.439	13.614	3.491	0.4360	0.195	0.050	4.350	37.455	14.661	1.745	0.5365	0.210	0.025	4.350	27.786	12.566	3.491	0.3980	0.180	0.050
4.400	32.585	13.963	1.745	0.4668	0.200	0.025	4.400	30.055	13.439	1.745	0.4305	0.193	0.025	4.400	31.119	13.788	3.491	0.4458	0.198	0.050	4.400	38.188	14.661	1.745	0.5470	0.210	0.025	4.400	28.414	12.741	3.491	0.4070	0.183	0.050
4.450	33.283	13.963	0.000	0.4767	0.200	0.000	4.450	30.735	13.614	3.491	0.4403	0.195	0.050	4.450	31.817	13.963	1.745	0.4557	0.200	0.025	4.450	38.921	14.835	3.491	0.5575	0.213	0.050	4.450	29.060	12.915	1.745	0.4163	0.185	0.025
4.500	33.982	13.963	1.745	0.4868	0.200	0.025	4.500	31.416	13.788	3.491	0.4500	0.198	0.050	4.500	32.515	13.963	1.745	0.4657	0.200	0.025	4.500	39.671	15.010	3.491	0.5682	0.215	0.050	4.500	29.705	12.915	1.745	0.4255	0.185	0.025
4.550	34.680	14.137	3.491	0.4967	0.202	0.050	4.550	32.114	13.963	1.745	0.4600	0.200	0.025	4.550	33.214	14.137	3.491	0.4758	0.202	0.050	4.550	40.422	15.184	1.745	0.5790	0.217	0.025	4.550	30.351	13.090	3.491	0.4347	0.187	0.050
4.600	35.395	14.312	1.745	0.5070	0.205	0.025	4.600	32.812	13.963	1.745	0.4700	0.200	0.025	4.600	33.929	14.312	3.491	0.4860	0.205	0.050	4.600	41.190	15.184	1.745	0.5900	0.217	0.025	4.600	31.014	13.265	3.491	0.4443	0.190	0.050
4.650	36.111	14.312	1.745	0.5173	0.205	0.025	4.650	33.510	14.137	3.491	0.4800	0.203	0.050	4.650	34.645	14.486	3.491	0.4963	0.208	0.050	4.650	41.940	15.359	3.491	0.6008	0.220	0.050	4.650	31.678	13.439	3.491	0.4538	0.193	0.050
4.700	36.826	14.486	1.745	0.5275	0.208	0.025	4.700	34.226	14.312	1.745	0.4903	0.205	0.025	4.700	35.378	14.661	1.745	0.5068	0.210	0.025	4.700	42.726	15.533	1.745	0.6120	0.223	0.025	4.700	32.358	13.614	1.745	0.4635	0.195	0.025
4.750	37.559	14.486	1.745	0.5380	0.207	0.025	4.750	34.941	14.312	1.745	0.5005	0.205	0.025	4.750	36.111	14.661	1.745	0.5173	0.210	0.025	4.750	43.494	15.533	1.745	0.6230	0.222	0.025	4.750	33.039	13.614	-1.918E-12	0.4732	0.195	-1.721E-14
4.800	38.275	14.661	3.491	0.5483	0.210	0.050	4.800	35.657	14.486	3.491	0.5108	0.207	0.050	4.800	36.844	14.835	3.491	0.5278	0.212	0.050	4.800	44.279	15.708	3.491	0.6342	0.225	0.050	4.800	33.720	13.614	1.745	0.4830	0.195	0.025
4.850	39.026	14.835	1.745	0.5590	0.213	0.025	4.850	36.390	14.661	1.745	0.5213	0.210	0.025	4.850	37.594	15.010	1.745	0.5385	0.215	0.025	4.850	45.064	15.882	3.491	0.6455	0.228	0.050	4.850	34.400	13.788	5.236	0.4927	0.198	0.075
4.900	39.759	14.835	7.105E-13	0.5695	0.213	0.000	4.900	37.123	14.661	1.745	0.5318	0.210	0.025	4.900	38.345	15.010	1.745	0.5493	0.215	0.025	4.900	45.867	16.057	1.745	0.6570	0.230	0.025	4.900	35.099	14.137	3.491	0.5028	0.203	0.050
4.950	40.509	14.835	1.745	0.5803	0.213	0.025	4.950	37.856	14.835	3.491	0.5423	0.213	0.050	4.950	39.095	15.184	3.491	0.5600	0.218	0.050	4.950	46.670	16.057	-1.421E-12	0.6685	0.230	-2.026E-14	4.950	35.814	14.137	-1.954E-12	0.5130	0.203	-1.804E-14
5.000	41.242	15.010	5.236	0.5907	0.215	0.075	5.000	38.607	15.010	3.491	0.5530	0.215	0.050	5.000	39.863	15.359	3.491	0.5710	0.220	0.050	5.000	47.473	16.057	1.745	0.6800	0.230	0.025	5.000	36.512	14.137	3.491	0.5230	0.202	0.050
5.050	42.010	15.359	3.491	0.6017	0.220	0.050	5.050	39.357	15.184	1.745	0.5637	0.217	0.025	5.050	40.631	15.533	3.491	0.5820	0.222	0.050	5.050	48.276	16.232	5.236	0.6915	0.232	0.075	5.050	37.228	14.486	5.236	0.5333	0.207	0.075
5.100	42.778	15.359	6.573E-13	0.6128	0.220	1.943E-14	5.100	40.125	15.184	1.350E-12	0.5747	0.218	3.053E-14	5.100	41.417	15.708	1.745	0.5933	0.225	0.025	5.100	49.096	16.581	3.491	0.7033	0.238	0.050	5.100	37.961	14.661	1.745	0.5438	0.210	0.025
5.150	43.546	15.359	1.745	0.6238	0.220	0.025	5.150	40.876	15.184	3.491	0.5855	0.218	0.050	5.150	42.202	15.708	1.745	0.6045	0.225	0.025	5.150	49.934	16.581	7.105E-13	0.7153	0.238	-1.110E-14	5.150	38.694	14.661	7.105E-13	0.5543	0.210	0.000
5.200	44.314	15.533	3.491	0.6348	0.223	0.050	5.200	41.644	15.533	5.236	0.5965	0.223	0.075	5.200	42.987	15.882	3.491	0.6158	0.228	0.050	5.200	50.754	16.581	1.745	0.7270	0.238	0.025	5.200	39.427	14.661	1.745	0.5647	0.210	0.025
5.250	45.099	15.708	3.491	0.6460	0.225	0.050	5.250	42.429	15.708	1.745	0.6078	0.225	0.025	5.250	43.790	16.057	1.745	0.6272	0.230	0.025	5.250	51.592	16.755	3.491	0.7390	0.240	0.050	5.250	40.160	14.835	3.491	0.5753	0.212	0.050
5.300	45.885	15.882	3.491	0.6573	0.227	0.050	5.300	43.214	15.708	1.745	0.6190	0.225	0.025	5.300	44.593	16.057	1.421E-12	0.6387	0.230	2.026E-14	5.300	52.430	16.930	3.491	0.7510	0.242	0.050	5.300	40.911	15.010	3.491	0.5860	0.215	0.050
5.350	46.688	16.057	1.745	0.6688	0.230	0.025	5.350	44.000	15.882	1.745	0.6302	0.228	0.025	5.350	45.396	16.057	1.745	0.6503	0.230	0.025	5.350	53.285	17.104	1.745	0.7633	0.245	0.025	5.350	41.661	15.184	3.491	0.5967	0.218	0.050
5.400	47.490	16.057	0.000	0.6802	0.230	0.000	5.400	44.803	15.882	1.745	0.6418	0.228	0.025	5.400	46.199	16.232	3.491	0.6618	0.233	0.050	5.400	54.140	17.104	0.000	0.7755	0.245	1.110E-14	5.400	42.429	15.359	1.745	0.6078	0.220	0.025
5.450	48.293	16.057	1.745	0.6917	0.230	0.025	5.450	45.588	16.057	3.491	0.6530	0.230	0.050	5.450	47.019	16.406	3.491	0.6735	0.235	0.050	5.450	54.995	17.104	1.745	0.7878	0.245	0.025	5.450	43.197	15.359	1.745	0.6188	0.220	0.025
5.500	49.096	16.232	3.491	0.7033	0.232	0.050	5.500	46.408	16.232	1.745	0.6648	0.232	0.025	5.500	47.839	16.581	3.491	0.6852	0.237	0.050	5.500	55.851	17.279	5.236	0.8000	0.247	0.075	5.500	43.965	15.533	3.491	0.6298	0.222	0.050
5.550	49.916	16.406	3.491	0.7150	0.235	0.050	5.550	47.211	16.232	1.745	0.6762	0.232	0.025	5.550	48.677	16.755	1.745	0.6973	0.240	0.025	5.550	56.723	17.628	3.491	0.8125	0.252	0.050	5.550	44.750	15.708	1.745	0.6410	0.225	0.025
5.600	50.737	16.581	3.491	0.7267	0.238	0.050	5.600	48.031	16.406	1.745	0.6880	0.235	0.025	5.600	49.515	16.755	1.745	0.7092	0.240	0.025	5.600	57.613	17.628	-1.745	0.8253	0.253	-0.025	5.600	45.536	15.708	1.745	0.6522	0.225	0.025
5.650	51.574	16.755	1.745	0.7387	0.240	0.025	5.650	48.852	16.406	1.745	0.6997	0.235	0.025	5.650	50.353	16.930	1.745	0.7213	0.243	0.025	5.650	58.486	17.453	-1.745	0.8378	0.250	-0.025	5.650	46.321	15.882	3.491	0.6635	0.228	0.050
5.700	52.412	16.755	-7.816E-13	0.7508	0.240	-2.137E-14	5.700	49.672	16.581	5.236	0.7115	0.238	0.075	5.700	51.208	16.930	-1.492E-12	0.7335	0.243	-2.165E-14	5.700	59.359	17.453	-1.528E-12	0.8503	0.250	-3.331E-14	5.700	47.124	16.057	1.745	0.6750	0.230	0.025
5.750	53.250	16.755	1.745	0.7628	0.240	0.025	5.750	50.510	16.930	3.491	0.7235	0.242	0.050	5.750	52.046	16.930	3.491	0.7455	0.242	0.050	5.750	60.231	17.453	-1.528E-12	0.8628	0.250	-2.220E-14	5.750	47.927	16.057	1.745	0.6865	0.230	0.025
5.800	54.088	16.930	3.491	0.7748	0.242	0.050	5.800	51.365	16.930	7.816E-13	0.7358	0.242	2.165E-14	5.800	52.901	17.279	3.491	0.7578	0.247	0.050	5.800	61.104	17.453	1.745	0.8753	0.250	0.025	5.800	48.730	16.232	3.491	0.6980	0.232	0.050
5.850	54.943	17.104	3.491	0.7870	0.245	0.050	5.850	52.203	16.930	1.745	0.7477	0.243	0.025	5.850	53.774	17.279	1.745	0.7702	0.248	0.025	5.850	61.977	17.628	3.491	0.8878	0.253	0.050	5.850	49.550	16.406	1.745	0.7097	0.235	0.025
5.900	55.798	17.279	-24.435	0.7993	0.248	-0.350	5.900	53.058	17.104	1.745	0.7600	0.245	0.025	5.900	54.629	17.453	3.491	0.7825	0.250	0.050	5.900	62.867	17.802	1.745	0.9005	0.255	0.025	5.900	50.370	16.406	1.745	0.7215	0.235	0.025
5.950	56.671	14.661	-99.484	0.8118	0.210	-1.425	5.950	53.913	17.104	1.745	0.7722	0.245	0.025	5.950	55.519	17.628	1.745	0.7953	0.253	0.025	5.950	63.757	17.802	-1.599E-12	0.9132	0.255	-2.220E-14	5.950	51.190	16.581	3.491	0.7333	0.238	0.050
6.000	57.264	7.330	-127.409	0.8202	0.105	-1.825	6.000	54.768	17.279	3.491	0.7845	0.247	0.050	6.000	56.392	17.628	1.745	0.8077	0.252	0.025	6.000	64.647	17.802	-69.813	0.9260	0.255	-1.000	6.000	52.028	16.755	1.745	0.7452	0.240	0.025
6.050	57.404	1.920	-64.577	0.8223	0.028	-0.925	6.050	55.641	17.453	3.491	0.7970	0.250	0.050	6.050	57.282	17.802	1.745	0.8205	0.255	0.025	6.050	65.537	10.821	-157.080	0.9387	0.155	-2.250	6.050	52.866	16.755	7.816E-13	0.7572	0.240	3.247E-14
6.100	57.456	0.873	-12.217	0.8230	0.012	-0.175	6.100	56.514	17.628	1.745	0.8095	0.253	0.025	6.100	58.172	17.802	1.599E-12	0.8333	0.255	1.110E-14	6.100	65.729	2.094	-109.956	0.9415	0.030	-1.575	6.100	53.704	16.755	1.745	0.7692	0.240	0.025
6.150	57.491	0.698	-8.727	0.8235	0.010	-0.125	6.150	57.404	17.628	-7.105E-13	0.8223	0.253	0.000	6.150	59.062	17.802	7.105E-13	0.8460	0.255	1.110E-14	6.150	65.747	-0.175	-27.925	0.9417	-0.002	-0.400	6.150	54.542	16.930	5.236	0.7812	0.243	0.075
6.200	57.526	0.000	-13.963	0.8240	0.000	-0.200	6.200	58.277	17.628	1.745	0.8347	0.253	0.025	6.200	59.952	17.802	1.745	0.8588	0.255	0.025	6.200	65.712	-0.698	-6.981	0.9413	-0.010	-0.100	6.200	55.397	17.279	3.491	0.7935	0.248	0.050
6.250	57.491	-0.698		0.8235	-0.010		6.250	59.167	17.802	3.491	0.8475	0.255	0.050	6.250	60.842	17.977		0.8715	0.257		6.250	65.677	-0.873	-5.236	0.9407	-0.012	-0.075	6.250	56.269	17.279	-1.528E-12	0.8060	0.247	-3.331E-14
							6.300	60.057	17.977	1.745	0.8603	0.257	0.025								6.300	65.624	-1.222		0.9400	-0.017		6.300	57.125	17.279	1.745	0.8182	0.247	0.025
							6.350	60.964	17.977	1.599E-12	0.8733	0.258	3.386E-14															6.350	57.997	17.453	1.745	0.8307	0.250	0.025
							6.400	61.854	17.977	1.745	0.8860	0.258	0.025															6.400	58.870	17.453	1.745	0.8432	0.250	0.025
							6.450	62.762	18.151	3.491	0.8990	0.260	0.050															6.450	59.743	17.628	1.745	0.8557	0.253	0.025
							6.500	63.670	18.326		0.9120	0.262																6.500	60.633	17.628	-2.274E-12	0.8685	0.252	-2.220E-14
																												6.550	61.505	17.628		0.8810	0.252	
