Run #1	Run #1	Run #1	Run #1	Run #1	Run #1	Run #1	Run #2	Run #2	Run #2	Run #2	Run #2	Run #2	Run #2	Run #3	Run #3	Run #3	Run #3	Run #3	Run #3	Run #3	Run #4	Run #4	Run #4	Run #4	Run #4	Run #4	Run #4	Run #5	Run #5	Run #5	Run #5	Run #5	Run #5	Run #5
Time (s)	Angle (rad)	Angular Velocity (rad/s)	Angular Acceleration (rad/s²)	Position (m)	Velocity (m/s)	Acceleration (m/s²)	Time (s)	Angle (rad)	Angular Velocity (rad/s)	Angular Acceleration (rad/s²)	Position (m)	Velocity (m/s)	Acceleration (m/s²)	Time (s)	Angle (rad)	Angular Velocity (rad/s)	Angular Acceleration (rad/s²)	Position (m)	Velocity (m/s)	Acceleration (m/s²)	Time (s)	Angle (rad)	Angular Velocity (rad/s)	Angular Acceleration (rad/s²)	Position (m)	Velocity (m/s)	Acceleration (m/s²)	Time (s)	Angle (rad)	Angular Velocity (rad/s)	Angular Acceleration (rad/s²)	Position (m)	Velocity (m/s)	Acceleration (m/s²)
0.000	0.000			0.0000			0.000	0.017			2.5000E-4			0.000	0.000			0.0000			0.000	0.000			0.0000			0.000	0.017			2.5000E-4		
0.050	0.000	0.000		0.0000	0.000		0.050	0.017	0.000		2.5000E-4	0.000		0.050	0.000	0.000		0.0000	0.000		0.050	-0.017	-0.175		-2.5000E-4	-0.003		0.050	0.017	-0.175		2.5000E-4	-0.003	
0.100	0.000	0.000	0.000	0.0000	0.000	0.000	0.100	0.017	0.175	1.745	2.5000E-4	0.002	0.025	0.100	0.000	0.000	0.000	0.0000	0.000	0.000	0.100	-0.017	-0.175	0.000	-2.5000E-4	-0.002	0.000	0.100	0.000	-0.175	1.745	0.0000	-0.002	0.025
0.150	0.000	0.000	0.000	0.0000	0.000	0.000	0.150	0.035	0.175	-1.745	5.0000E-4	0.003	-0.025	0.150	0.000	0.000	1.745	0.0000	0.000	0.025	0.150	-0.035	-0.175	3.491	-5.0000E-4	-0.003	0.050	0.150	0.000	0.000	3.491	0.0000	0.000	0.050
0.200	0.000	0.000	3.491	0.0000	0.000	0.050	0.200	0.035	0.000	1.745	5.0000E-4	0.000	0.025	0.200	0.000	0.175	5.236	0.0000	0.003	0.075	0.200	-0.035	0.175	5.236	-5.0000E-4	0.003	0.075	0.200	0.000	0.175	5.236	0.0000	0.003	0.075
0.250	0.000	0.349	8.727	0.0000	0.005	0.125	0.250	0.035	0.349	6.981	5.0000E-4	0.005	0.100	0.250	0.017	0.524	6.981	2.5000E-4	0.007	0.100	0.250	-0.017	0.349	5.236	-2.5000E-4	0.005	0.075	0.250	0.017	0.524	5.236	2.5000E-4	0.007	0.075
0.300	0.035	0.873	8.727	5.0000E-4	0.012	0.125	0.300	0.070	0.698	6.981	0.0010	0.010	0.100	0.300	0.052	0.873	6.981	7.5000E-4	0.012	0.100	0.300	0.000	0.698	6.981	0.0000	0.010	0.100	0.300	0.052	0.698	5.236	7.5000E-4	0.010	0.075
0.350	0.087	1.222	6.981	0.0013	0.018	0.100	0.350	0.105	1.047	6.981	0.0015	0.015	0.100	0.350	0.105	1.222	5.236	0.0015	0.018	0.075	0.350	0.052	1.047	6.981	7.5000E-4	0.015	0.100	0.350	0.087	1.047	6.981	0.0013	0.015	0.100
0.400	0.157	1.571	6.981	0.0023	0.023	0.100	0.400	0.175	1.396	5.236	0.0025	0.020	0.075	0.400	0.175	1.396	5.236	0.0025	0.020	0.075	0.400	0.105	1.396	6.981	0.0015	0.020	0.100	0.400	0.157	1.396	6.981	0.0023	0.020	0.100
0.450	0.244	1.920	6.981	0.0035	0.028	0.100	0.450	0.244	1.571	5.236	0.0035	0.023	0.075	0.450	0.244	1.745	8.727	0.0035	0.025	0.125	0.450	0.192	1.745	6.981	0.0027	0.025	0.100	0.450	0.227	1.745	8.727	0.0033	0.025	0.125
0.500	0.349	2.269	6.981	0.0050	0.032	0.100	0.500	0.332	1.920	6.981	0.0047	0.027	0.100	0.500	0.349	2.269	6.981	0.0050	0.032	0.100	0.500	0.279	2.094	6.981	0.0040	0.030	0.100	0.500	0.332	2.269	6.981	0.0047	0.032	0.100
0.550	0.471	2.618	5.236	0.0067	0.037	0.075	0.550	0.436	2.269	6.981	0.0062	0.032	0.100	0.550	0.471	2.443	5.236	0.0067	0.035	0.075	0.550	0.401	2.443	5.236	0.0057	0.035	0.075	0.550	0.454	2.443	3.491	0.0065	0.035	0.050
0.600	0.611	2.793	5.236	0.0088	0.040	0.075	0.600	0.559	2.618	6.981	0.0080	0.038	0.100	0.600	0.593	2.793	6.981	0.0085	0.040	0.100	0.600	0.524	2.618	5.236	0.0075	0.038	0.075	0.600	0.576	2.618	5.236	0.0083	0.038	0.075
0.650	0.750	3.142	6.981	0.0108	0.045	0.100	0.650	0.698	2.967	6.981	0.0100	0.043	0.100	0.650	0.750	3.142	6.981	0.0108	0.045	0.100	0.650	0.663	2.967	8.727	0.0095	0.043	0.125	0.650	0.716	2.967	6.981	0.0103	0.043	0.100
0.700	0.925	3.491	6.981	0.0132	0.050	0.100	0.700	0.855	3.316	6.981	0.0122	0.048	0.100	0.700	0.908	3.491	6.981	0.0130	0.050	0.100	0.700	0.820	3.491	8.727	0.0117	0.050	0.125	0.700	0.873	3.316	6.981	0.0125	0.047	0.100
0.750	1.100	3.840	6.981	0.0158	0.055	0.100	0.750	1.030	3.665	6.981	0.0147	0.053	0.100	0.750	1.100	3.840	6.981	0.0158	0.055	0.100	0.750	1.012	3.840	5.236	0.0145	0.055	0.075	0.750	1.047	3.665	6.981	0.0150	0.053	0.100
0.800	1.309	4.189	6.981	0.0188	0.060	0.100	0.800	1.222	4.014	5.236	0.0175	0.057	0.075	0.800	1.292	4.189	6.981	0.0185	0.060	0.100	0.800	1.204	4.014	5.236	0.0173	0.057	0.075	0.800	1.239	4.014	6.981	0.0178	0.057	0.100
0.850	1.518	4.538	6.981	0.0218	0.065	0.100	0.850	1.431	4.189	5.236	0.0205	0.060	0.075	0.850	1.518	4.538	5.236	0.0218	0.065	0.075	0.850	1.414	4.363	5.236	0.0203	0.062	0.075	0.850	1.449	4.363	6.981	0.0208	0.062	0.100
0.900	1.763	4.887	5.236	0.0253	0.070	0.075	0.900	1.641	4.538	6.981	0.0235	0.065	0.100	0.900	1.745	4.712	5.236	0.0250	0.068	0.075	0.900	1.641	4.538	5.236	0.0235	0.065	0.075	0.900	1.676	4.712	5.236	0.0240	0.068	0.075
0.950	2.007	5.061	5.236	0.0288	0.073	0.075	0.950	1.885	4.887	6.981	0.0270	0.070	0.100	0.950	1.990	5.061	6.981	0.0285	0.073	0.100	0.950	1.868	4.887	8.727	0.0268	0.070	0.125	0.950	1.920	4.887	5.236	0.0275	0.070	0.075
1.000	2.269	5.411	6.981	0.0325	0.077	0.100	1.000	2.129	5.236	6.981	0.0305	0.075	0.100	1.000	2.251	5.411	6.981	0.0323	0.077	0.100	1.000	2.129	5.411	6.981	0.0305	0.078	0.100	1.000	2.164	5.236	6.981	0.0310	0.075	0.100
1.050	2.548	5.760	6.981	0.0365	0.082	0.100	1.050	2.409	5.585	5.236	0.0345	0.080	0.075	1.050	2.531	5.760	6.981	0.0362	0.082	0.100	1.050	2.409	5.585	5.236	0.0345	0.080	0.075	1.050	2.443	5.585	6.981	0.0350	0.080	0.100
1.100	2.845	6.109	6.981	0.0408	0.087	0.100	1.100	2.688	5.760	3.491	0.0385	0.082	0.050	1.100	2.827	6.109	6.981	0.0405	0.087	0.100	1.100	2.688	5.934	6.981	0.0385	0.085	0.100	1.100	2.723	5.934	6.981	0.0390	0.085	0.100
1.150	3.159	6.458	5.236	0.0453	0.092	0.075	1.150	2.985	5.934	5.236	0.0428	0.085	0.075	1.150	3.142	6.458	6.981	0.0450	0.092	0.100	1.150	3.002	6.283	5.236	0.0430	0.090	0.075	1.150	3.037	6.283	5.236	0.0435	0.090	0.075
1.200	3.491	6.632	5.236	0.0500	0.095	0.075	1.200	3.281	6.283	6.981	0.0470	0.090	0.100	1.200	3.473	6.807	6.981	0.0498	0.098	0.100	1.200	3.316	6.458	5.236	0.0475	0.093	0.075	1.200	3.351	6.458	5.236	0.0480	0.093	0.075
1.250	3.822	6.981	8.727	0.0548	0.100	0.125	1.250	3.613	6.632	6.981	0.0518	0.095	0.100	1.250	3.822	7.156	5.236	0.0548	0.103	0.075	1.250	3.648	6.807	6.981	0.0522	0.098	0.100	1.250	3.683	6.807	8.727	0.0528	0.098	0.125
1.300	4.189	7.505	6.981	0.0600	0.107	0.100	1.300	3.944	6.981	6.981	0.0565	0.100	0.100	1.300	4.189	7.330	3.491	0.0600	0.105	0.050	1.300	3.997	7.156	6.981	0.0573	0.102	0.100	1.300	4.032	7.330	6.981	0.0578	0.105	0.100
1.350	4.573	7.679	5.236	0.0655	0.110	0.075	1.350	4.311	7.330	5.236	0.0617	0.105	0.075	1.350	4.555	7.505	5.236	0.0652	0.108	0.075	1.350	4.363	7.505	6.981	0.0625	0.107	0.100	1.350	4.416	7.505	3.491	0.0632	0.107	0.050
1.400	4.957	8.029	6.981	0.0710	0.115	0.100	1.400	4.677	7.505	5.236	0.0670	0.107	0.075	1.400	4.939	7.854	8.727	0.0708	0.112	0.125	1.400	4.747	7.854	5.236	0.0680	0.112	0.075	1.400	4.782	7.679	6.981	0.0685	0.110	0.100
1.450	5.376	8.378	5.236	0.0770	0.120	0.075	1.450	5.061	7.854	6.981	0.0725	0.113	0.100	1.450	5.341	8.378	6.981	0.0765	0.120	0.100	1.450	5.149	8.029	3.491	0.0737	0.115	0.050	1.450	5.184	8.203	6.981	0.0742	0.118	0.100
1.500	5.794	8.552	5.236	0.0830	0.123	0.075	1.500	5.463	8.203	6.981	0.0782	0.118	0.100	1.500	5.777	8.552	3.491	0.0827	0.123	0.050	1.500	5.550	8.203	6.981	0.0795	0.118	0.100	1.500	5.603	8.378	5.236	0.0802	0.120	0.075
1.550	6.231	8.901	6.981	0.0892	0.127	0.100	1.550	5.882	8.552	6.981	0.0842	0.122	0.100	1.550	6.196	8.727	6.981	0.0887	0.125	0.100	1.550	5.969	8.727	8.727	0.0855	0.125	0.125	1.550	6.021	8.727	6.981	0.0863	0.125	0.100
1.600	6.685	9.250	5.236	0.0958	0.133	0.075	1.600	6.318	8.901	5.236	0.0905	0.127	0.075	1.600	6.650	9.250	6.981	0.0952	0.133	0.100	1.600	6.423	9.076	5.236	0.0920	0.130	0.075	1.600	6.475	9.076	5.236	0.0927	0.130	0.075
1.650	7.156	9.425	5.236	0.1025	0.135	0.075	1.650	6.772	9.076	3.491	0.0970	0.130	0.050	1.650	7.121	9.425	5.236	0.1020	0.135	0.075	1.650	6.877	9.250	3.491	0.0985	0.132	0.050	1.650	6.929	9.250	5.236	0.0992	0.132	0.075
1.700	7.627	9.774	6.981	0.1092	0.140	0.100	1.700	7.226	9.250	6.981	0.1035	0.133	0.100	1.700	7.592	9.774	6.981	0.1087	0.140	0.100	1.700	7.348	9.425	5.236	0.1052	0.135	0.075	1.700	7.400	9.599	6.981	0.1060	0.138	0.100
1.750	8.133	10.123	6.981	0.1165	0.145	0.100	1.750	7.697	9.774	8.727	0.1102	0.140	0.125	1.750	8.098	10.123	5.236	0.1160	0.145	0.075	1.750	7.819	9.774	8.727	0.1120	0.140	0.125	1.750	7.889	9.948	6.981	0.1130	0.143	0.100
1.800	8.639	10.472	6.981	0.1237	0.150	0.100	1.800	8.203	10.123	5.236	0.1175	0.145	0.075	1.800	8.604	10.297	5.236	0.1232	0.147	0.075	1.800	8.325	10.297	6.981	0.1193	0.147	0.100	1.800	8.395	10.297	6.981	0.1202	0.147	0.100
1.850	9.180	10.821	5.236	0.1315	0.155	0.075	1.850	8.709	10.297	3.491	0.1247	0.147	0.050	1.850	9.128	10.647	6.981	0.1308	0.153	0.100	1.850	8.849	10.472	5.236	0.1268	0.150	0.075	1.850	8.919	10.647	5.236	0.1278	0.153	0.075
1.900	9.721	10.996	5.236	0.1393	0.157	0.075	1.900	9.233	10.472	5.236	0.1322	0.150	0.075	1.900	9.669	10.996	5.236	0.1385	0.157	0.075	1.900	9.372	10.821	6.981	0.1342	0.155	0.100	1.900	9.460	10.821	5.236	0.1355	0.155	0.075
1.950	10.280	11.345	5.236	0.1472	0.163	0.075	1.950	9.756	10.821	6.981	0.1398	0.155	0.100	1.950	10.228	11.170	5.236	0.1465	0.160	0.075	1.950	9.931	11.170	5.236	0.1423	0.160	0.075	1.950	10.001	11.170	6.981	0.1433	0.160	0.100
2.000	10.856	11.519	5.236	0.1555	0.165	0.075	2.000	10.315	11.170	6.981	0.1477	0.160	0.100	2.000	10.786	11.519	6.981	0.1545	0.165	0.100	2.000	10.489	11.345	5.236	0.1502	0.162	0.075	2.000	10.577	11.519	5.236	0.1515	0.165	0.075
2.050	11.432	11.868	8.727	0.1637	0.170	0.125	2.050	10.873	11.519	6.981	0.1557	0.165	0.100	2.050	11.380	11.868	5.236	0.1630	0.170	0.075	2.050	11.065	11.694	6.981	0.1585	0.168	0.100	2.050	11.153	11.694	5.236	0.1597	0.168	0.075
2.100	12.043	12.392	6.981	0.1725	0.178	0.100	2.100	11.467	11.868	5.236	0.1642	0.170	0.075	2.100	11.973	12.043	3.491	0.1715	0.173	0.050	2.100	11.659	12.043	5.236	0.1670	0.173	0.075	2.100	11.746	12.043	5.236	0.1683	0.173	0.075
2.150	12.671	12.566	3.491	0.1815	0.180	0.050	2.150	12.060	12.043	5.236	0.1728	0.172	0.075	2.150	12.584	12.217	5.236	0.1802	0.175	0.075	2.150	12.270	12.217	5.236	0.1758	0.175	0.075	2.150	12.357	12.217	5.236	0.1770	0.175	0.075
2.200	13.299	12.741	5.236	0.1905	0.183	0.075	2.200	12.671	12.392	6.981	0.1815	0.177	0.100	2.200	13.195	12.566	6.981	0.1890	0.180	0.100	2.200	12.881	12.566	6.981	0.1845	0.180	0.100	2.200	12.968	12.566	6.981	0.1857	0.180	0.100
2.250	13.945	13.090	5.236	0.1998	0.187	0.075	2.250	13.299	12.741	5.236	0.1905	0.183	0.075	2.250	13.840	12.915	5.236	0.1983	0.185	0.075	2.250	13.526	12.915	5.236	0.1937	0.185	0.075	2.250	13.614	12.915	5.236	0.1950	0.185	0.075
2.300	14.608	13.265	5.236	0.2092	0.190	0.075	2.300	13.945	12.915	3.491	0.1998	0.185	0.050	2.300	14.486	13.090	5.236	0.2075	0.187	0.075	2.300	14.172	13.090	5.236	0.2030	0.187	0.075	2.300	14.259	13.090	5.236	0.2043	0.187	0.075
2.350	15.272	13.614	6.981	0.2187	0.195	0.100	2.350	14.591	13.090	5.236	0.2090	0.187	0.075	2.350	15.149	13.439	6.981	0.2170	0.192	0.100	2.350	14.835	13.439	6.981	0.2125	0.192	0.100	2.350	14.923	13.439	6.981	0.2137	0.192	0.100
2.400	15.970	13.963	5.236	0.2288	0.200	0.075	2.400	15.254	13.439	6.981	0.2185	0.193	0.100	2.400	15.830	13.788	5.236	0.2267	0.198	0.075	2.400	15.516	13.788	6.981	0.2222	0.198	0.100	2.400	15.603	13.788	6.981	0.2235	0.198	0.100
2.450	16.668	14.137	6.981	0.2387	0.203	0.100	2.450	15.935	13.788	6.981	0.2282	0.198	0.100	2.450	16.528	13.963	3.491	0.2368	0.200	0.050	2.450	16.214	14.137	5.236	0.2322	0.203	0.075	2.450	16.301	14.137	5.236	0.2335	0.203	0.075
2.500	17.383	14.661	8.727	0.2490	0.210	0.125	2.500	16.633	14.137	5.236	0.2383	0.202	0.075	2.500	17.226	14.137	5.236	0.2467	0.202	0.075	2.500	16.930	14.312	3.491	0.2425	0.205	0.050	2.500	17.017	14.312	3.491	0.2437	0.205	0.050
2.550	18.134	15.010	3.491	0.2597	0.215	0.050	2.550	17.349	14.312	5.236	0.2485	0.205	0.075	2.550	17.942	14.486	5.236	0.2570	0.208	0.075	2.550	17.645	14.486	5.236	0.2528	0.207	0.075	2.550	17.733	14.486	5.236	0.2540	0.208	0.075
2.600	18.884	15.010	3.491	0.2705	0.215	0.050	2.600	18.064	14.661	6.981	0.2587	0.210	0.100	2.600	18.675	14.661	5.236	0.2675	0.210	0.075	2.600	18.378	14.835	6.981	0.2633	0.212	0.100	2.600	18.466	14.835	5.236	0.2645	0.212	0.075
2.650	19.635	15.359	6.981	0.2812	0.220	0.100	2.650	18.815	15.010	5.236	0.2695	0.215	0.075	2.650	19.408	15.010	6.981	0.2780	0.215	0.100	2.650	19.129	15.184	6.981	0.2740	0.218	0.100	2.650	19.216	15.010	5.236	0.2753	0.215	0.075
2.700	20.420	15.708	5.236	0.2925	0.225	0.075	2.700	19.565	15.184	3.491	0.2802	0.218	0.050	2.700	20.176	15.359	5.236	0.2890	0.220	0.075	2.700	19.897	15.533	5.236	0.2850	0.223	0.075	2.700	19.967	15.359	6.981	0.2860	0.220	0.100
2.750	21.206	15.882	3.491	0.3038	0.228	0.050	2.750	20.333	15.359	5.236	0.2913	0.220	0.075	2.750	20.944	15.533	3.491	0.3000	0.223	0.050	2.750	20.682	15.708	5.236	0.2963	0.225	0.075	2.750	20.752	15.708	5.236	0.2972	0.225	0.075
2.800	22.009	16.057	5.236	0.3153	0.230	0.075	2.800	21.101	15.708	6.981	0.3023	0.225	0.100	2.800	21.729	15.708	5.236	0.3113	0.225	0.075	2.800	21.468	16.057	6.981	0.3075	0.230	0.100	2.800	21.537	15.882	5.236	0.3085	0.227	0.075
2.850	22.811	16.406	8.727	0.3267	0.235	0.125	2.850	21.904	16.057	5.236	0.3138	0.230	0.075	2.850	22.515	16.057	6.981	0.3225	0.230	0.100	2.850	22.288	16.406	3.491	0.3193	0.235	0.050	2.850	22.340	16.232	5.236	0.3200	0.232	0.075
2.900	23.649	16.930	6.981	0.3387	0.243	0.100	2.900	22.707	16.232	5.236	0.3252	0.232	0.075	2.900	23.335	16.406	3.491	0.3342	0.235	0.050	2.900	23.108	16.406	3.491	0.3310	0.235	0.050	2.900	23.161	16.406	3.491	0.3317	0.235	0.050
2.950	24.504	17.104	3.491	0.3510	0.245	0.050	2.950	23.527	16.581	5.236	0.3370	0.238	0.075	2.950	24.155	16.406	3.491	0.3460	0.235	0.050	2.950	23.928	16.755	6.981	0.3427	0.240	0.100	2.950	23.981	16.581	5.236	0.3435	0.238	0.075
3.000	25.360	17.279	3.491	0.3633	0.247	0.050	3.000	24.365	16.755	5.236	0.3490	0.240	0.075	3.000	24.976	16.755	6.981	0.3578	0.240	0.100	3.000	24.784	17.104	5.236	0.3550	0.245	0.075	3.000	24.819	16.930	6.981	0.3555	0.242	0.100
3.050	26.232	17.453	5.236	0.3758	0.250	0.075	3.050	25.203	17.104	6.981	0.3610	0.245	0.100	3.050	25.831	17.104	5.236	0.3700	0.245	0.075	3.050	25.639	17.279	5.236	0.3673	0.248	0.075	3.050	25.674	17.279	5.236	0.3677	0.248	0.075
3.100	27.105	17.802	6.981	0.3883	0.255	0.100	3.100	26.075	17.453	3.491	0.3735	0.250	0.050	3.100	26.686	17.279	3.491	0.3823	0.247	0.050	3.100	26.512	17.628	6.981	0.3798	0.252	0.100	3.100	26.546	17.453	5.236	0.3803	0.250	0.075
3.150	28.013	18.151	5.236	0.4012	0.260	0.075	3.150	26.948	17.453	3.491	0.3860	0.250	0.050	3.150	27.559	17.453	5.236	0.3948	0.250	0.075	3.150	27.402	17.977	5.236	0.3925	0.257	0.075	3.150	27.419	17.802	6.981	0.3927	0.255	0.100
3.200	28.920	18.326	5.236	0.4142	0.263	0.075	3.200	27.821	17.802	6.981	0.3985	0.255	0.100	3.200	28.431	17.802	6.981	0.4073	0.255	0.100	3.200	28.309	18.151	3.491	0.4055	0.260	0.050	3.200	28.327	18.151	5.236	0.4057	0.260	0.075
3.250	29.845	18.675	5.236	0.4275	0.267	0.075	3.250	28.728	18.151	5.236	0.4115	0.260	0.075	3.250	29.339	18.151	3.491	0.4203	0.260	0.050	3.250	29.217	18.326	5.236	0.4185	0.262	0.075	3.250	29.234	18.326	3.491	0.4187	0.262	0.050
3.300	30.788	18.850	3.491	0.4410	0.270	0.050	3.300	29.636	18.326	3.491	0.4245	0.262	0.050	3.300	30.247	18.151	1.745	0.4333	0.260	0.025	3.300	30.142	18.675	5.236	0.4318	0.268	0.075	3.300	30.159	18.500	3.491	0.4320	0.265	0.050
3.350	31.730	19.024	5.236	0.4545	0.272	0.075	3.350	30.561	18.500	5.236	0.4378	0.265	0.075	3.350	31.154	18.326	5.236	0.4463	0.262	0.075	3.350	31.084	18.850	3.491	0.4453	0.270	0.050	3.350	31.084	18.675	5.236	0.4453	0.267	0.075
3.400	32.690	19.373	5.236	0.4682	0.277	0.075	3.400	31.486	18.850	5.236	0.4510	0.270	0.075	3.400	32.079	18.675	6.981	0.4595	0.267	0.100	3.400	32.027	19.024	5.236	0.4588	0.272	0.075	3.400	32.027	19.024	6.981	0.4588	0.272	0.100
3.450	33.667	19.548	3.491	0.4823	0.280	0.050	3.450	32.446	19.024	3.491	0.4647	0.273	0.050	3.450	33.022	19.024	5.236	0.4730	0.273	0.075	3.450	32.987	19.373	6.981	0.4725	0.278	0.100	3.450	32.987	19.373	5.236	0.4725	0.278	0.075
3.500	34.645	19.722	5.236	0.4963	0.283	0.075	3.500	33.388	19.199	5.236	0.4783	0.275	0.075	3.500	33.982	19.199	3.491	0.4868	0.275	0.050	3.500	33.964	19.722	5.236	0.4865	0.282	0.075	3.500	33.964	19.548	5.236	0.4865	0.280	0.075
3.550	35.640	20.071	6.981	0.5105	0.287	0.100	3.550	34.366	19.548	5.236	0.4923	0.280	0.075	3.550	34.941	19.373	5.236	0.5005	0.277	0.075	3.550	34.959	19.897	3.491	0.5008	0.285	0.050	3.550	34.941	19.897	5.236	0.5005	0.285	0.075
3.600	36.652	20.420	6.981	0.5250	0.292	0.100	3.600	35.343	19.722	3.491	0.5062	0.282	0.050	3.600	35.919	19.722	5.236	0.5145	0.282	0.075	3.600	35.954	20.071	5.236	0.5150	0.287	0.075	3.600	35.954	20.071	3.491	0.5150	0.287	0.050
3.650	37.682	20.769	3.491	0.5398	0.297	0.050	3.650	36.338	19.897	3.491	0.5205	0.285	0.050	3.650	36.914	19.897	3.491	0.5288	0.285	0.050	3.650	36.966	20.420	5.236	0.5295	0.292	0.075	3.650	36.949	20.246	5.236	0.5293	0.290	0.075
3.700	38.729	20.769	1.745	0.5548	0.298	0.025	3.700	37.333	20.071	5.236	0.5348	0.288	0.075	3.700	37.909	20.071	5.236	0.5430	0.288	0.075	3.700	37.996	20.595	5.236	0.5442	0.295	0.075	3.700	37.978	20.595	5.236	0.5440	0.295	0.075
3.750	39.759	20.944	6.981	0.5695	0.300	0.100	3.750	38.345	20.420	5.236	0.5493	0.292	0.075	3.750	38.921	20.420	5.236	0.5575	0.292	0.075	3.750	39.026	20.944	6.981	0.5590	0.300	0.100	3.750	39.008	20.769	5.236	0.5587	0.297	0.075
3.800	40.823	21.468	6.981	0.5847	0.308	0.100	3.800	39.375	20.595	3.491	0.5640	0.295	0.050	3.800	39.951	20.595	3.491	0.5723	0.295	0.050	3.800	40.090	21.293	3.491	0.5743	0.305	0.050	3.800	40.055	21.118	5.236	0.5737	0.302	0.075
3.850	41.905	21.642	3.491	0.6003	0.310	0.050	3.850	40.404	20.769	5.236	0.5788	0.297	0.075	3.850	40.980	20.769	5.236	0.5870	0.297	0.075	3.850	41.155	21.293	3.491	0.5895	0.305	0.050	3.850	41.120	21.293	3.491	0.5890	0.305	0.050
3.900	42.987	21.817	3.491	0.6158	0.312	0.050	3.900	41.452	21.118	5.236	0.5937	0.302	0.075	3.900	42.028	21.118	5.236	0.6020	0.302	0.075	3.900	42.220	21.642	5.236	0.6048	0.310	0.075	3.900	42.185	21.468	3.491	0.6043	0.308	0.050
3.950	44.087	21.991	3.491	0.6315	0.315	0.050	3.950	42.516	21.293	3.491	0.6090	0.305	0.050	3.950	43.092	21.293	3.491	0.6173	0.305	0.050	3.950	43.319	21.817	3.491	0.6205	0.313	0.050	3.950	43.267	21.642	5.236	0.6198	0.310	0.075
4.000	45.187	22.166	5.236	0.6472	0.318	0.075	4.000	43.581	21.468	5.236	0.6242	0.308	0.075	4.000	44.157	21.468	5.236	0.6325	0.308	0.075	4.000	44.401	21.991	5.236	0.6360	0.315	0.075	4.000	44.349	21.991	6.981	0.6352	0.315	0.100
4.050	46.304	22.515	5.236	0.6633	0.322	0.075	4.050	44.663	21.817	3.491	0.6398	0.312	0.050	4.050	45.239	21.817	5.236	0.6480	0.312	0.075	4.050	45.518	22.340	5.236	0.6520	0.320	0.075	4.050	45.466	22.340	3.491	0.6512	0.320	0.050
4.100	47.438	22.689	5.236	0.6795	0.325	0.075	4.100	45.763	21.817	1.745	0.6555	0.312	0.025	4.100	46.338	21.991	3.491	0.6638	0.315	0.050	4.100	46.635	22.515	5.236	0.6680	0.322	0.075	4.100	46.583	22.340	1.745	0.6673	0.320	0.025
4.150	48.573	23.038	5.236	0.6958	0.330	0.075	4.150	46.845	21.991	5.236	0.6710	0.315	0.075	4.150	47.438	22.166	5.236	0.6795	0.318	0.075	4.150	47.770	22.864	5.236	0.6842	0.328	0.075	4.150	47.700	22.515	5.236	0.6833	0.323	0.075
4.200	49.742	23.213	3.491	0.7125	0.333	0.050	4.200	47.962	22.340	5.236	0.6870	0.320	0.075	4.200	48.555	22.515	5.236	0.6955	0.323	0.075	4.200	48.922	23.038	3.491	0.7008	0.330	0.050	4.200	48.834	22.864	6.981	0.6995	0.328	0.100
4.250	50.894	23.387	5.236	0.7290	0.335	0.075	4.250	49.079	22.515	3.491	0.7030	0.323	0.050	4.250	49.690	22.689	3.491	0.7118	0.325	0.050	4.250	50.073	23.213	3.491	0.7173	0.333	0.050	4.250	49.986	23.213	5.236	0.7160	0.333	0.075
4.300	52.081	23.736	3.491	0.7460	0.340	0.050	4.300	50.213	22.689	3.491	0.7193	0.325	0.050	4.300	50.824	22.864	5.236	0.7280	0.327	0.075	4.300	51.243	23.387	3.491	0.7340	0.335	0.050	4.300	51.156	23.387	1.745	0.7328	0.335	0.025
4.350	53.267	23.736	1.745	0.7630	0.340	0.025	4.350	51.348	22.864	5.236	0.7355	0.327	0.075	4.350	51.976	23.213	5.236	0.7445	0.332	0.075	4.350	52.412	23.562	5.236	0.7508	0.337	0.075	4.350	52.325	23.387	3.491	0.7495	0.335	0.050
4.400	54.454	23.911	-1.745	0.7800	0.343	-0.025	4.400	52.499	23.213	5.236	0.7520	0.333	0.075	4.400	53.145	23.387	3.491	0.7612	0.335	0.050	4.400	53.599	23.911	5.236	0.7678	0.343	0.075	4.400	53.494	23.736	6.981	0.7663	0.340	0.100
4.450	55.659	23.562	-24.435	0.7972	0.338	-0.350	4.450	53.669	23.387	1.745	0.7688	0.335	0.025	4.450	54.315	23.562	3.491	0.7780	0.338	0.050	4.450	54.803	24.086	3.491	0.7850	0.345	0.050	4.450	54.699	24.086	3.491	0.7835	0.345	0.050
4.500	56.810	21.468	-36.652	0.8137	0.308	-0.525	4.500	54.838	23.387	3.491	0.7855	0.335	0.050	4.500	55.501	23.736	3.491	0.7950	0.340	0.050	4.500	56.008	24.260	5.236	0.8022	0.348	0.075	4.500	55.903	24.086	1.745	0.8007	0.345	0.025
4.550	57.805	19.897	-22.689	0.8280	0.285	-0.325	4.550	56.008	23.736	6.981	0.8022	0.340	0.100	4.550	56.688	23.911	5.236	0.8120	0.342	0.075	4.550	57.229	24.609	5.236	0.8198	0.352	0.075	4.550	57.107	24.260	5.236	0.8180	0.347	0.075
4.600	58.800	19.199	-80.285	0.8423	0.275	-1.150	4.600	57.212	24.086	3.491	0.8195	0.345	0.050	4.600	57.893	24.260	5.236	0.8293	0.347	0.075	4.600	58.469	24.784	3.491	0.8375	0.355	0.050	4.600	58.329	24.609	5.236	0.8355	0.352	0.075
4.650	59.725	11.868	-171.042	0.8555	0.170	-2.450	4.650	58.416	24.086	2.842E-12	0.8368	0.345	3.053E-14	4.650	59.114	24.435	3.491	0.8467	0.350	0.050	4.650	59.708	24.958	3.491	0.8553	0.358	0.050	4.650	59.568	24.784	3.491	0.8533	0.355	0.050
4.700	59.987	2.094	-137.881	0.8592	0.030	-1.975	4.700	59.620	24.086	3.491	0.8540	0.345	0.050	4.700	60.336	24.609	3.491	0.8642	0.353	0.050	4.700	60.964	25.133	3.491	0.8733	0.360	0.050	4.700	60.807	24.958	3.491	0.8710	0.358	0.050
4.750	59.935	-1.920	-48.869	0.8585	-0.028	-0.700	4.750	60.825	24.435		0.8712	0.350		4.750	61.575	24.784	3.491	0.8820	0.355	0.050	4.750	62.221	25.307	3.491	0.8913	0.362	0.050	4.750	62.064	25.133	3.491	0.8890	0.360	0.050
4.800	59.795	-2.793	-5.236	0.8565	-0.040	-0.075								4.800	62.814	24.958	5.236	0.8998	0.357	0.075	4.800	63.495	25.482	3.491	0.9095	0.365	0.050	4.800	63.321	25.307	5.236	0.9070	0.362	0.075
4.850	59.655	-2.443	6.981	0.8545	-0.035	0.100								4.850	64.071	25.307	-26.180	0.9178	0.363	-0.375	4.850	64.769	25.656	5.236	0.9278	0.368	0.075	4.850	64.595	25.656	5.236	0.9253	0.368	0.075
4.900	59.551	-2.094	6.981	0.8530	-0.030	0.100								4.900	65.345	22.340	-80.285	0.9360	0.320	-1.150	4.900	66.061	26.005	5.236	0.9463	0.373	0.075	4.900	65.886	25.831	3.491	0.9437	0.370	0.050
4.950	59.446	-1.745	1.865E-13	0.8515	-0.025	2.671E-15								4.950	66.305	17.279	-68.068	0.9497	0.248	-0.975	4.950	67.370	26.180	3.491	0.9650	0.375	0.050	4.950	67.178	26.005	3.491	0.9623	0.373	0.050
5.000	59.376	-2.094	-20.944	0.8505	-0.030	-0.300								5.000	67.073	15.533	-15.708	0.9608	0.222	-0.225	5.000	68.679	26.354	3.491	0.9838	0.377	0.050	5.000	68.487	26.180	1.745	0.9810	0.375	0.025
5.050	59.236	-3.840	-36.652	0.8485	-0.055	-0.525								5.050	67.858	15.708	-64.577	0.9720	0.225	-0.925	5.050	70.005	26.529		1.0028	0.380		5.050	69.796	26.180	3.491	0.9998	0.375	0.050
5.100	58.992	-5.760	-33.161	0.8450	-0.083	-0.475								5.100	68.644	9.076	-176.278	0.9833	0.130	-2.525								5.100	71.105	26.529	6.981	1.0185	0.380	0.100
5.150	58.661	-7.156	-26.180	0.8403	-0.103	-0.375								5.150	68.766	-1.920	-151.844	0.9850	-0.028	-2.175								5.150	72.449	26.878	3.491	1.0378	0.385	0.050
5.200	58.277	-8.378		0.8347	-0.120									5.200	68.452	-6.109	-38.397	0.9805	-0.087	-0.550								5.200	73.793	26.878	-3.491	1.0570	0.385	-0.050
														5.250	68.155	-5.760	6.981	0.9762	-0.082	0.100								5.250	75.136	26.529	-54.105	1.0763	0.380	-0.775
														5.300	67.876	-5.411		0.9723	-0.077									5.300	76.445	21.468	-97.738	1.0950	0.307	-1.400
																												5.350	77.283	16.755	-45.379	1.1070	0.240	-0.650
																												5.400	78.121	16.930	-31.416	1.1190	0.243	-0.450
																												5.450	78.976	13.614	-95.993	1.1313	0.195	-1.375
																												5.500	79.482	7.330	-113.446	1.1385	0.105	-1.625
																												5.550	79.709	2.269	-82.030	1.1418	0.032	-1.175
																												5.600	79.709	-0.873	-38.397	1.1418	-0.012	-0.550
																												5.650	79.622	-1.571	-3.491	1.1405	-0.023	-0.050
																												5.700	79.552	-1.222	5.236	1.1395	-0.018	0.075
																												5.750	79.500	-1.047	3.491	1.1388	-0.015	0.050
																												5.800	79.447	-0.873	-1.745	1.1380	-0.012	-0.025
																												5.850	79.412	-1.222	-5.236	1.1375	-0.018	-0.075
																												5.900	79.325	-1.396	-1.745	1.1363	-0.020	-0.025
																												5.950	79.273	-1.396	-8.727	1.1355	-0.020	-0.125
																												6.000	79.186	-2.269	-20.944	1.1343	-0.032	-0.300
																												6.050	79.046	-3.491	-29.671	1.1323	-0.050	-0.425
																												6.100	78.837	-5.236	-38.397	1.1293	-0.075	-0.550
																												6.150	78.522	-7.330	-41.888	1.1248	-0.105	-0.600
																												6.200	78.103	-9.425	-31.416	1.1188	-0.135	-0.450
																												6.250	77.580	-10.472	-8.727	1.1113	-0.150	-0.125
																												6.300	77.056	-10.297	5.236	1.1038	-0.147	0.075
																												6.350	76.550	-9.948	6.981	1.0965	-0.143	0.100
																												6.400	76.061	-9.599	6.981	1.0895	-0.137	0.100
																												6.450	75.590	-9.250		1.0828	-0.133	
